H00125 36 0.0177778 6 0.0952381 5.35714
H00177 3 0.00148148 9 0.142857 96.4286
H00303 67 0.0330864 12 0.190476 5.75693
H00381 10 0.00493827 9 0.142857 28.9286
H00884 101 0.0498765 17 0.269841 5.41018
H00920 30 0.0148148 10 0.15873 10.7143
H00921 30 0.0148148 10 0.15873 10.7143
H00922 30 0.0148148 10 0.15873 10.7143
H01028 29 0.014321 4 0.0634921 4.4335
H01029 16 0.00790123 4 0.0634921 8.03572
H01031 31 0.0153086 11 0.174603 11.4055
H01032 35 0.017284 11 0.174603 10.102
H01122 37 0.0182716 4 0.0634921 3.47491
H01196 10 0.00493827 10 0.15873 32.1428
H01210 130 0.0641975 12 0.190476 2.96703
H01211 123 0.0607407 10 0.15873 2.61324
H01213 119 0.0587654 12 0.190476 3.2413
H01214 122 0.0602469 11 0.174603 2.89812
H01215 122 0.0602469 11 0.174603 2.89812
H01258 66 0.0325926 8 0.126984 3.8961
H01283 1 0.000493827 9 0.142857 289.286
H01417 92 0.0454321 10 0.15873 3.49379
H01470 4 0.00197531 9 0.142857 72.3213
H01510 63 0.0311111 17 0.269841 8.67346
H01532 107 0.0528395 7 0.111111 2.1028
H01533 83 0.0409877 6 0.0952381 2.32358
H01765 44 0.0217284 7 0.111111 5.11363
H01774 63 0.0311111 10 0.15873 5.10204
H01853 5 0.00246914 8 0.126984 51.4284
H01912 32 0.0158025 6 0.0952381 6.02677
H01913 21 0.0103704 6 0.0952381 9.18365
H01914 21 0.0103704 6 0.0952381 9.18365
H01915 21 0.0103704 6 0.0952381 9.18365
H02003 2 0.000987654 6 0.0952381 96.4286
H02004 8 0.00395062 10 0.15873 40.1785
H02172 94 0.0464198 7 0.111111 2.39361
H02188 13 0.00641975 9 0.142857 22.2527
H02255 35 0.017284 10 0.15873 9.18364
H02256 36 0.0177778 10 0.15873 8.92855
H02257 36 0.0177778 10 0.15873 8.92855
H02258 36 0.0177778 10 0.15873 8.92855
H02259 40 0.0197531 7 0.111111 5.62499
H02260 36 0.0177778 7 0.111111 6.24999
H02261 39 0.0192593 7 0.111111 5.76921
H02262 35 0.017284 9 0.142857 8.26527
H02263 36 0.0177778 10 0.15873 8.92855
H02264 35 0.017284 10 0.15873 9.18364
H02265 35 0.017284 9 0.142857 8.26527
H02266 35 0.017284 7 0.111111 6.42855
H02267 35 0.017284 10 0.15873 9.18364
H02268 35 0.017284 7 0.111111 6.42855
H02269 35 0.017284 10 0.15873 9.18364
H02422 133 0.065679 12 0.190476 2.90011
H02555 14 0.00691358 6 0.0952381 13.7755
H03089 21 0.0103704 9 0.142857 13.7755
H03124 105 0.0518519 7 0.111111 2.14285
H03126 109 0.0538272 7 0.111111 2.06422
H03133 107 0.0528395 8 0.126984 2.4032
H03146 105 0.0518519 7 0.111111 2.14285
H03237 12 0.00592593 8 0.126984 21.4285
H03247 30 0.0148148 11 0.174603 11.7857
H03260 41 0.0202469 11 0.174603 8.62369
H03424 48 0.0237037 10 0.15873 6.69642
H03490 84 0.0414815 13 0.206349 4.97448
H03491 85 0.0419753 13 0.206349 4.91596
H03492 84 0.0414815 13 0.206349 4.97448
H03493 85 0.0419753 13 0.206349 4.91596
H03497 102 0.0503704 17 0.269841 5.35713
H03835 48 0.0237037 11 0.174603 7.36607
H04066 34 0.0167901 7 0.111111 6.61765
H04115 90 0.0444444 6 0.0952381 2.14286
H04205 41 0.0202469 4 0.0634921 3.13589
H04352 84 0.0414815 16 0.253968 6.12244
H04511 86 0.0424691 11 0.174603 4.1113
H04727 67 0.0330864 5 0.0793651 2.39872
H04793 17 0.00839506 10 0.15873 18.9075
H04868 14 0.00691358 10 0.15873 22.9592
H04991 31 0.0153086 7 0.111111 7.25808
H05311 18 0.00888889 9 0.142857 16.0714
H05324 40 0.0197531 4 0.0634921 3.21429
H05325 44 0.0217284 5 0.0793651 3.6526
H05330 2 0.000987654 4 0.0634921 64.2858
H05774 68 0.0335802 6 0.0952381 2.83614
H05775 68 0.0335802 6 0.0952381 2.83614
H05890 18 0.00888889 4 0.0634921 7.14286
H06084 20 0.00987654 9 0.142857 14.4643
H06085 20 0.00987654 9 0.142857 14.4643
H06086 13 0.00641975 7 0.111111 17.3077
H06146 44 0.0217284 11 0.174603 8.0357
H06149 95 0.0469136 16 0.253968 5.41353
H06160 24 0.0118519 9 0.142857 12.0535
H06177 43 0.0212346 4 0.0634921 2.99003
H06319 33 0.0162963 6 0.0952381 5.84415
H06320 47 0.0232099 4 0.0634921 2.73556
H06349 31 0.0153086 9 0.142857 9.33181
H06476 44 0.0217284 12 0.190476 8.76622
H06477 47 0.0232099 12 0.190476 8.20667
H06478 53 0.0261728 12 0.190476 7.27763
H06541 10 0.00493827 10 0.15873 32.1428
H06732 32 0.0158025 11 0.174603 11.0491
H07248 29 0.014321 7 0.111111 7.75861
H07299 36 0.0177778 10 0.15873 8.92855
H07385 20 0.00987654 10 0.15873 16.0714
H07386 4 0.00197531 8 0.126984 64.2856
H07775 103 0.0508642 8 0.126984 2.49653
H07776 70 0.0345679 7 0.111111 3.21428
H07816 33 0.0162963 11 0.174603 10.7143
H07900 69 0.0340741 6 0.0952381 2.79503
H08051 1 0.000493827 4 0.0634921 128.572
H08117 91 0.0449383 7 0.111111 2.47252
H08161 89 0.0439506 6 0.0952381 2.16694
H08227 28 0.0138272 9 0.142857 10.3316
H08257 97 0.0479012 17 0.269841 5.63328
H08258 98 0.0483951 17 0.269841 5.57579
H08322 10 0.00493827 4 0.0634921 12.8572
H08778 69 0.0340741 6 0.0952381 2.79503
H08941 97 0.0479012 8 0.126984 2.65096
H08942 97 0.0479012 8 0.126984 2.65096
H08943 97 0.0479012 8 0.126984 2.65096
H08944 97 0.0479012 8 0.126984 2.65096
H08945 97 0.0479012 8 0.126984 2.65096
H08946 97 0.0479012 8 0.126984 2.65096
H08947 98 0.0483951 8 0.126984 2.6239
H09141 30 0.0148148 12 0.190476 12.8571
H09451 10 0.00493827 9 0.142857 28.9286
H09651 109 0.0538272 7 0.111111 2.06422
H09656 97 0.0479012 7 0.111111 2.31959
H09666 14 0.00691358 8 0.126984 18.3673
H09763 6 0.00296296 9 0.142857 48.2143
H09938 36 0.0177778 5 0.0793651 4.46428
H09945 12 0.00592593 9 0.142857 24.1071
H09990 7 0.00345679 10 0.15873 45.9183
H10104 11 0.0054321 9 0.142857 26.2987
H10225 12 0.00592593 10 0.15873 26.7857
H10302 102 0.0503704 17 0.269841 5.35713
H10318 108 0.0533333 17 0.269841 5.05952
H10361 41 0.0202469 11 0.174603 8.62369
H10441 2 0.000987654 9 0.142857 144.643
H10670 97 0.0479012 7 0.111111 2.31959
H10800 23 0.011358 10 0.15873 13.9752
H11007 5 0.00246914 9 0.142857 57.857
H11057 63 0.0311111 7 0.111111 3.57143
H11113 20 0.00987654 7 0.111111 11.25
H11168 68 0.0335802 5 0.0793651 2.36345
H11176 66 0.0325926 5 0.0793651 2.43507
H11177 64 0.0316049 9 0.142857 4.52009
H11432 15 0.00740741 5 0.0793651 10.7143
H11485 126 0.0622222 8 0.126984 2.04082
H11621 21 0.0103704 9 0.142857 13.7755
H11622 21 0.0103704 9 0.142857 13.7755
H11747 12 0.00592593 6 0.0952381 16.0714
H12179 52 0.025679 4 0.0634921 2.47253
H12190 57 0.0281481 4 0.0634921 2.25564
H12193 65 0.0320988 7 0.111111 3.46153
H12194 75 0.037037 5 0.0793651 2.14286
H12208 80 0.0395062 5 0.0793651 2.00893
H12481 6 0.00296296 8 0.126984 42.8571
H12521 80 0.0395062 6 0.0952381 2.41071
H12522 90 0.0444444 6 0.0952381 2.14286
H12925 72 0.0355556 14 0.222222 6.24999
H13280 32 0.0158025 11 0.174603 11.0491
H13331 67 0.0330864 5 0.0793651 2.39872
H13393 22 0.0108642 4 0.0634921 5.84416
H13405 9 0.00444444 9 0.142857 32.1429
H13406 9 0.00444444 9 0.142857 32.1429
H13566 18 0.00888889 9 0.142857 16.0714
H13722 4 0.00197531 9 0.142857 72.3213
H13723 4 0.00197531 9 0.142857 72.3213
H13840 4 0.00197531 8 0.126984 64.2856
H13857 94 0.0464198 7 0.111111 2.39361
H13858 44 0.0217284 11 0.174603 8.0357
H13940 123 0.0607407 12 0.190476 3.13589
H14051 98 0.0483951 17 0.269841 5.57579
H14245 119 0.0587654 9 0.142857 2.43097
H14460 1 0.000493827 6 0.0952381 192.857
H14568 45 0.0222222 10 0.15873 7.14286
H14586 34 0.0167901 10 0.15873 9.45379
H14600 33 0.0162963 4 0.0634921 3.89611
H14601 33 0.0162963 4 0.0634921 3.89611
H14602 33 0.0162963 4 0.0634921 3.89611
H14603 33 0.0162963 4 0.0634921 3.89611
H14604 33 0.0162963 4 0.0634921 3.89611
H14786 9 0.00444444 9 0.142857 32.1429
H14895 89 0.0439506 16 0.253968 5.77849
H14896 89 0.0439506 16 0.253968 5.77849
H14897 89 0.0439506 16 0.253968 5.77849
H15020 29 0.014321 11 0.174603 12.1921
H15218 12 0.00592593 9 0.142857 24.1071
H15303 21 0.0103704 10 0.15873 15.3061
H15304 29 0.014321 10 0.15873 11.0837
H15305 29 0.014321 10 0.15873 11.0837
H15306 29 0.014321 10 0.15873 11.0837
H15350 113 0.0558025 8 0.126984 2.2756
H15351 137 0.0676543 10 0.15873 2.34619
H15439 169 0.0834568 11 0.174603 2.09214
H15440 29 0.014321 10 0.15873 11.0837
H15505 7 0.00345679 10 0.15873 45.9183
H15614 95 0.0469136 17 0.269841 5.75187
H15616 69 0.0340741 6 0.0952381 2.79503
H15620 77 0.0380247 6 0.0952381 2.50464
H15885 22 0.0108642 4 0.0634921 5.84416
H15951 21 0.0103704 9 0.142857 13.7755
H16043 46 0.022716 15 0.238095 10.4814
H16044 32 0.0158025 11 0.174603 11.0491
H16045 46 0.022716 15 0.238095 10.4814
H16079 96 0.0474074 6 0.0952381 2.00893
H16157 21 0.0103704 4 0.0634921 6.12244
H16171 114 0.0562963 8 0.126984 2.25564
H16183 2 0.000987654 9 0.142857 144.643
H16285 34 0.0167901 11 0.174603 10.3992
H16322 18 0.00888889 10 0.15873 17.8571
H16588 88 0.0434568 6 0.0952381 2.19156
H16605 118 0.0582716 10 0.15873 2.72397
H16610 168 0.082963 11 0.174603 2.10459
H16626 98 0.0483951 10 0.15873 3.27988
H16632 77 0.0380247 5 0.0793651 2.0872
H16635 92 0.0454321 6 0.0952381 2.09627
H16643 112 0.0553086 7 0.111111 2.00893
H16699 64 0.0316049 4 0.0634921 2.00893
H16703 121 0.0597531 8 0.126984 2.12514
H16748 6 0.00296296 4 0.0634921 21.4286
H16752 2 0.000987654 9 0.142857 144.643
H16767 9 0.00444444 10 0.15873 35.7143
H16768 6 0.00296296 6 0.0952381 32.1429
H16883 28 0.0138272 11 0.174603 12.6275
H16884 37 0.0182716 11 0.174603 9.55598
H16885 28 0.0138272 11 0.174603 12.6275
H16891 31 0.0153086 11 0.174603 11.4055
H16892 28 0.0138272 11 0.174603 12.6275
H16893 29 0.014321 11 0.174603 12.1921
H16894 29 0.014321 11 0.174603 12.1921
H16938 23 0.011358 9 0.142857 12.5777
H17061 24 0.0118519 9 0.142857 12.0535
H17431 120 0.0592593 15 0.238095 4.01785
H17544 10 0.00493827 10 0.15873 32.1428
H17545 10 0.00493827 10 0.15873 32.1428
H17724 131 0.0646914 9 0.142857 2.20828
H17729 96 0.0474074 9 0.142857 3.01339
H18115 115 0.0567901 13 0.206349 3.63354
H18118 95 0.0469136 16 0.253968 5.41353
H18130 94 0.0464198 6 0.0952381 2.05167
H18131 108 0.0533333 9 0.142857 2.67857
H18132 73 0.0360494 5 0.0793651 2.20157
H18156 48 0.0237037 12 0.190476 8.03571
H18165 32 0.0158025 4 0.0634921 4.01785
H18279 7 0.00345679 9 0.142857 41.3265
H18404 41 0.0202469 11 0.174603 8.62369
H18405 41 0.0202469 11 0.174603 8.62369
H18469 5 0.00246914 9 0.142857 57.857
H18585 95 0.0469136 16 0.253968 5.41353
H18809 17 0.00839506 8 0.126984 15.126
H18876 32 0.0158025 6 0.0952381 6.02677
H18929 48 0.0237037 15 0.238095 10.0446
H18930 35 0.017284 11 0.174603 10.102
H19013 36 0.0177778 13 0.206349 11.6071
H19322 6 0.00296296 9 0.142857 48.2143
H19427 29 0.014321 4 0.0634921 4.4335
H19705 95 0.0469136 6 0.0952381 2.03007
H19706 89 0.0439506 6 0.0952381 2.16694
H19730 5 0.00246914 10 0.15873 64.2855
H19973 111 0.0548148 7 0.111111 2.02703
H19978 124 0.0612346 8 0.126984 2.07373
H20061 123 0.0607407 13 0.206349 3.39721
H20323 94 0.0464198 6 0.0952381 2.05167
H20395 20 0.00987654 9 0.142857 14.4643
H20402 40 0.0197531 11 0.174603 8.83927
H20475 40 0.0197531 11 0.174603 8.83927
H20476 41 0.0202469 11 0.174603 8.62369
H20504 90 0.0444444 13 0.206349 4.64286
H20505 90 0.0444444 13 0.206349 4.64286
H20506 91 0.0449383 13 0.206349 4.59183
H20507 90 0.0444444 13 0.206349 4.64286
H20508 92 0.0454321 13 0.206349 4.54192
H20509 88 0.0434568 17 0.269841 6.20941
H20600 9 0.00444444 9 0.142857 32.1429
H20603 7 0.00345679 9 0.142857 41.3265
H21171 21 0.0103704 4 0.0634921 6.12244
H21226 60 0.0296296 4 0.0634921 2.14286
H21364 45 0.0222222 11 0.174603 7.85714
H21365 42 0.0207407 9 0.142857 6.88776
H21367 42 0.0207407 5 0.0793651 3.82654
H21387 86 0.0424691 13 0.206349 4.8588
H21479 4 0.00197531 9 0.142857 72.3213
H21633 46 0.022716 4 0.0634921 2.79504
H21727 8 0.00395062 10 0.15873 40.1785
H21754 29 0.014321 11 0.174603 12.1921
H21906 1 0.000493827 9 0.142857 289.286
H21914 51 0.0251852 13 0.206349 8.19326
H22066 127 0.062716 9 0.142857 2.27784
H22089 125 0.0617284 13 0.206349 3.34285
H22452 64 0.0316049 11 0.174603 5.52455
H22521 11 0.0054321 10 0.15873 29.2207
H22683 32 0.0158025 9 0.142857 9.04015
H22684 32 0.0158025 9 0.142857 9.04015
H22685 32 0.0158025 9 0.142857 9.04015
H22687 32 0.0158025 9 0.142857 9.04015
H22688 32 0.0158025 9 0.142857 9.04015
H22689 32 0.0158025 9 0.142857 9.04015
H22791 34 0.0167901 11 0.174603 10.3992
H22792 37 0.0182716 11 0.174603 9.55598
H22793 38 0.0187654 11 0.174603 9.30452
H22794 32 0.0158025 11 0.174603 11.0491
H22795 28 0.0138272 11 0.174603 12.6275
H23000 10 0.00493827 10 0.15873 32.1428
H23034 26 0.0128395 4 0.0634921 4.94506
H23157 31 0.0153086 4 0.0634921 4.14748
H23203 139 0.068642 10 0.15873 2.31243
H23222 46 0.022716 4 0.0634921 2.79504
H23223 42 0.0207407 4 0.0634921 3.06123
H23224 43 0.0212346 4 0.0634921 2.99003
H23225 42 0.0207407 4 0.0634921 3.06123
H23395 19 0.00938272 9 0.142857 15.2255
H23494 64 0.0316049 9 0.142857 4.52009
H23541 109 0.0538272 12 0.190476 3.53866
H23672 1 0.000493827 5 0.0793651 160.714
H23684 4 0.00197531 8 0.126984 64.2856
H23685 10 0.00493827 5 0.0793651 16.0714
H24154 77 0.0380247 5 0.0793651 2.0872
H24223 101 0.0498765 16 0.253968 5.09194
H24229 40 0.0197531 9 0.142857 7.23213
H25025 67 0.0330864 5 0.0793651 2.39872
H25027 65 0.0320988 7 0.111111 3.46153
H25213 59 0.0291358 7 0.111111 3.81356
H25220 139 0.068642 9 0.142857 2.08119
H25469 67 0.0330864 7 0.111111 3.35821
H25689 111 0.0548148 9 0.142857 2.60618
H25717 34 0.0167901 11 0.174603 10.3992
H25916 147 0.0725926 11 0.174603 2.40525
H25928 70 0.0345679 5 0.0793651 2.29592
H25930 74 0.0365432 5 0.0793651 2.17182
H25932 80 0.0395062 5 0.0793651 2.00893
H25933 74 0.0365432 5 0.0793651 2.17182
H25934 75 0.037037 5 0.0793651 2.14286
H25935 75 0.037037 5 0.0793651 2.14286
H25936 71 0.0350617 5 0.0793651 2.26358
H25938 106 0.0523457 7 0.111111 2.12264
H26275 12 0.00592593 6 0.0952381 16.0714
H26321 102 0.0503704 17 0.269841 5.35713
H26386 3 0.00148148 6 0.0952381 64.2858
H26387 4 0.00197531 9 0.142857 72.3213
H26622 30 0.0148148 9 0.142857 9.64286
H26714 47 0.0232099 4 0.0634921 2.73556
H26792 90 0.0444444 13 0.206349 4.64286
H26823 4 0.00197531 9 0.142857 72.3213
H27020 4 0.00197531 9 0.142857 72.3213
H27220 41 0.0202469 11 0.174603 8.62369
H27233 47 0.0232099 5 0.0793651 3.41945
H27326 97 0.0479012 8 0.126984 2.65096
H27575 4 0.00197531 5 0.0793651 40.1786
H27800 7 0.00345679 9 0.142857 41.3265
H28050 70 0.0345679 14 0.222222 6.42857
H28105 117 0.0577778 11 0.174603 3.02197
H28291 53 0.0261728 6 0.0952381 3.63882
H28593 100 0.0493827 16 0.253968 5.14285
H28594 100 0.0493827 16 0.253968 5.14285
H28711 20 0.00987654 7 0.111111 11.25
H28929 42 0.0207407 4 0.0634921 3.06123
H29086 23 0.011358 10 0.15873 13.9752
H29416 2 0.000987654 4 0.0634921 64.2858
H29585 18 0.00888889 10 0.15873 17.8571
H29590 27 0.0133333 10 0.15873 11.9048
H29596 38 0.0187654 12 0.190476 10.1504
H29745 22 0.0108642 10 0.15873 14.6104
H29954 42 0.0207407 7 0.111111 5.35715
H29955 42 0.0207407 7 0.111111 5.35715
H30048 1 0.000493827 9 0.142857 289.286
H30276 12 0.00592593 10 0.15873 26.7857
H30277 12 0.00592593 10 0.15873 26.7857
H30278 12 0.00592593 10 0.15873 26.7857
H30335 1 0.000493827 8 0.126984 257.143
H30340 91 0.0449383 6 0.0952381 2.11931
H30461 78 0.0385185 5 0.0793651 2.06044
H30652 9 0.00444444 7 0.111111 25
H30674 16 0.00790123 10 0.15873 20.0893
H30681 16 0.00790123 10 0.15873 20.0893
H30682 16 0.00790123 10 0.15873 20.0893
H30683 16 0.00790123 10 0.15873 20.0893
H30746 88 0.0434568 10 0.15873 3.65259
H30759 70 0.0345679 6 0.0952381 2.7551
H30760 71 0.0350617 6 0.0952381 2.7163
H31209 75 0.037037 6 0.0952381 2.57143
H31255 30 0.0148148 5 0.0793651 5.35715
H31493 28 0.0138272 11 0.174603 12.6275
H31812 15 0.00740741 9 0.142857 19.2857
H31902 80 0.0395062 5 0.0793651 2.00893
H32269 18 0.00888889 10 0.15873 17.8571
H32707 28 0.0138272 11 0.174603 12.6275
H32964 29 0.014321 9 0.142857 9.97535
H33494 18 0.00888889 10 0.15873 17.8571
H33552 4 0.00197531 9 0.142857 72.3213
