H00125 31 0.0155544 11 0.115789 7.44413
H00177 6 0.00301054 6 0.0631579 20.9789
H00303 68 0.0341194 11 0.115789 3.39364
H00381 13 0.00652283 6 0.0631579 9.68259
H00438 10 0.00501756 5 0.0526316 10.4895
H00441 8 0.00401405 5 0.0526316 13.1118
H00884 88 0.0441545 30 0.315789 7.15191
H00920 35 0.0175615 5 0.0526316 2.99699
H00921 35 0.0175615 5 0.0526316 2.99699
H00922 35 0.0175615 5 0.0526316 2.99699
H01028 27 0.0135474 6 0.0631579 4.66199
H01029 14 0.00702459 6 0.0631579 8.99097
H01031 32 0.0160562 10 0.105263 6.55591
H01032 35 0.0175615 11 0.115789 6.59334
H01196 13 0.00652283 7 0.0736842 11.2964
H01210 129 0.0647265 13 0.136842 2.11416
H01211 121 0.0607125 12 0.126316 2.08056
H01213 118 0.0592072 13 0.136842 2.31124
H01214 120 0.0602107 13 0.136842 2.27272
H01215 120 0.0602107 13 0.136842 2.27272
H01258 66 0.0331159 8 0.0842105 2.5429
H01283 5 0.00250878 5 0.0526316 20.979
H01470 7 0.00351229 6 0.0631579 17.982
H01510 56 0.0280983 24 0.252632 8.99101
H01532 102 0.0511791 12 0.126316 2.46812
H01765 29 0.0145509 22 0.231579 15.9151
H01774 64 0.0321124 9 0.0947368 2.95016
H01971 16 0.0080281 5 0.0526316 6.55592
H02004 12 0.00602107 6 0.0631579 10.4895
H02092 44 0.0220773 5 0.0526316 2.38397
H02172 89 0.0446563 12 0.126316 2.82863
H02174 46 0.0230808 6 0.0631579 2.73638
H02175 46 0.0230808 6 0.0631579 2.73638
H02188 16 0.0080281 6 0.0631579 7.8671
H02255 38 0.0190667 7 0.0736842 3.86455
H02256 38 0.0190667 8 0.0842105 4.41663
H02257 38 0.0190667 8 0.0842105 4.41663
H02258 38 0.0190667 8 0.0842105 4.41663
H02259 41 0.020572 6 0.0631579 3.07009
H02260 37 0.018565 6 0.0631579 3.40199
H02261 40 0.0200702 6 0.0631579 3.14685
H02262 38 0.0190667 6 0.0631579 3.31247
H02263 38 0.0190667 8 0.0842105 4.41663
H02264 38 0.0190667 7 0.0736842 3.86455
H02265 38 0.0190667 6 0.0631579 3.31247
H02266 36 0.0180632 6 0.0631579 3.4965
H02267 38 0.0190667 7 0.0736842 3.86455
H02268 36 0.0180632 6 0.0631579 3.4965
H02269 38 0.0190667 7 0.0736842 3.86455
H02422 130 0.0652283 15 0.157895 2.42065
H02437 45 0.022579 6 0.0631579 2.7972
H02536 24 0.0120421 8 0.0842105 6.99301
H02537 4 0.00200702 7 0.0736842 36.7132
H02555 15 0.00752634 5 0.0526316 6.99299
H02579 23 0.0115404 6 0.0631579 5.47277
H02580 23 0.0115404 6 0.0631579 5.47277
H02859 62 0.0311089 17 0.178947 5.75228
H03027 44 0.0220773 5 0.0526316 2.38397
H03048 12 0.00602107 5 0.0526316 8.74124
H03049 12 0.00602107 5 0.0526316 8.74124
H03116 156 0.078274 15 0.157895 2.01721
H03121 77 0.0386352 9 0.0947368 2.45209
H03124 100 0.0501756 12 0.126316 2.51748
H03125 101 0.0506774 11 0.115789 2.28483
H03126 103 0.0516809 13 0.136842 2.64783
H03133 104 0.0521826 11 0.115789 2.21892
H03146 99 0.0496739 13 0.136842 2.75481
H03149 92 0.0461616 11 0.115789 2.50834
H03156 92 0.0461616 10 0.105263 2.28032
H03188 20 0.0100351 8 0.0842105 8.3916
H03189 20 0.0100351 8 0.0842105 8.3916
H03190 20 0.0100351 8 0.0842105 8.3916
H03191 20 0.0100351 8 0.0842105 8.3916
H03192 20 0.0100351 8 0.0842105 8.3916
H03237 14 0.00702459 6 0.0631579 8.99097
H03247 30 0.0150527 11 0.115789 7.69224
H03260 41 0.020572 11 0.115789 5.62848
H03424 48 0.0240843 10 0.105263 4.37061
H03490 69 0.0346212 28 0.294737 8.51319
H03491 70 0.0351229 28 0.294737 8.39159
H03492 69 0.0346212 28 0.294737 8.51319
H03493 70 0.0351229 28 0.294737 8.39159
H03497 91 0.0456598 28 0.294737 6.45507
H03572 51 0.0255896 6 0.0631579 2.46811
H03835 48 0.0240843 11 0.115789 4.80765
H04066 26 0.0130457 15 0.157895 12.1032
H04115 78 0.039137 18 0.189474 4.8413
H04205 28 0.0140492 17 0.178947 12.7372
H04211 24 0.0120421 6 0.0631579 5.24476
H04352 74 0.03713 26 0.273684 7.37097
H04393 39 0.0195685 6 0.0631579 3.22753
H04511 85 0.0426493 12 0.126316 2.96174
H04594 115 0.057702 18 0.189474 3.28366
H04793 21 0.0105369 6 0.0631579 5.99397
H04868 18 0.00903161 6 0.0631579 6.99298
H04991 33 0.016558 5 0.0526316 3.17862
H05285 28 0.0140492 7 0.0736842 5.24473
H05311 22 0.0110386 5 0.0526316 4.76796
H05324 38 0.0190667 6 0.0631579 3.31247
H05325 42 0.0210738 7 0.0736842 3.49648
H05356 38 0.0190667 6 0.0631579 3.31247
H05774 51 0.0255896 23 0.242105 9.46107
H05775 51 0.0255896 23 0.242105 9.46107
H06084 21 0.0105369 8 0.0842105 7.99196
H06085 21 0.0105369 8 0.0842105 7.99196
H06146 44 0.0220773 11 0.115789 5.24471
H06149 85 0.0426493 26 0.273684 6.41708
H06155 40 0.0200702 5 0.0526316 2.62238
H06160 26 0.0130457 7 0.0736842 5.64816
H06319 34 0.0170597 5 0.0526316 3.08514
H06320 46 0.0230808 5 0.0526316 2.28032
H06322 47 0.0235825 6 0.0631579 2.67817
H06419 40 0.0200702 12 0.126316 6.29371
H06476 41 0.020572 15 0.157895 7.67524
H06477 44 0.0220773 15 0.157895 7.15192
H06478 50 0.0250878 15 0.157895 6.2937
H06541 14 0.00702459 6 0.0631579 8.99097
H06560 116 0.0582037 12 0.126316 2.17024
H06561 5 0.00250878 5 0.0526316 20.979
H06646 17 0.00852985 5 0.0526316 6.17028
H06647 22 0.0110386 5 0.0526316 4.76796
H06648 17 0.00852985 5 0.0526316 6.17028
H06649 36 0.0180632 8 0.0842105 4.66199
H06732 32 0.0160562 11 0.115789 7.21148
H06889 111 0.0556949 19 0.2 3.59099
H07039 33 0.016558 8 0.0842105 5.08579
H07236 32 0.0160562 5 0.0526316 3.27796
H07243 51 0.0255896 6 0.0631579 2.46811
H07248 31 0.0155544 5 0.0526316 3.38371
H07299 38 0.0190667 8 0.0842105 4.41663
H07385 24 0.0120421 6 0.0631579 5.24476
H07386 7 0.00351229 5 0.0526316 14.985
H07520 116 0.0582037 14 0.147368 2.53194
H07524 42 0.0210738 8 0.0842105 3.99598
H07775 74 0.03713 37 0.389474 10.4895
H07776 41 0.020572 36 0.378947 18.4205
H07787 109 0.0546914 19 0.2 3.65688
H07792 56 0.0280983 10 0.105263 3.74624
H07816 33 0.016558 11 0.115789 6.99293
H07900 57 0.0286001 18 0.189474 6.62494
H08117 64 0.0321124 34 0.357895 11.1451
H08121 21 0.0105369 11 0.115789 10.9889
H08151 36 0.0180632 7 0.0736842 4.07924
H08227 31 0.0155544 6 0.0631579 4.06045
H08257 84 0.0421475 30 0.315789 7.49247
H08258 85 0.0426493 30 0.315789 7.40432
H08369 27 0.0135474 6 0.0631579 4.66199
H08370 31 0.0155544 6 0.0631579 4.06045
H08459 83 0.0416458 13 0.136842 3.28585
H08778 57 0.0286001 18 0.189474 6.62494
H08941 67 0.0336177 38 0.4 11.8985
H08942 67 0.0336177 38 0.4 11.8985
H08943 67 0.0336177 38 0.4 11.8985
H08944 67 0.0336177 38 0.4 11.8985
H08945 67 0.0336177 38 0.4 11.8985
H08946 67 0.0336177 38 0.4 11.8985
H08947 68 0.0341194 38 0.4 11.7235
H08977 26 0.0130457 6 0.0631579 4.84128
H09019 28 0.0140492 7 0.0736842 5.24473
H09141 33 0.016558 9 0.0947368 5.72151
H09243 25 0.0125439 5 0.0526316 4.19579
H09345 160 0.080281 16 0.168421 2.09789
H09451 13 0.00652283 6 0.0631579 9.68259
H09624 90 0.0451581 9 0.0947368 2.09789
H09650 123 0.061716 14 0.147368 2.38784
H09651 105 0.0526844 11 0.115789 2.19779
H09656 94 0.0471651 10 0.105263 2.2318
H09658 107 0.0536879 12 0.126316 2.35278
H09666 17 0.00852985 5 0.0526316 6.17028
H09762 19 0.00953337 5 0.0526316 5.52078
H09763 9 0.00451581 6 0.0631579 13.986
H09938 34 0.0170597 7 0.0736842 4.3192
H09945 16 0.0080281 5 0.0526316 6.55592
H09990 11 0.00551932 6 0.0631579 11.4431
H10104 14 0.00702459 6 0.0631579 8.99097
H10225 16 0.0080281 6 0.0631579 7.8671
H10302 91 0.0456598 28 0.294737 6.45507
H10318 95 0.0476668 30 0.315789 6.62493
H10361 40 0.0200702 12 0.126316 6.29371
H10441 6 0.00301054 5 0.0526316 17.4824
H10670 70 0.0351229 34 0.357895 10.1898
H10800 25 0.0125439 8 0.0842105 6.71326
H10933 112 0.0561967 14 0.147368 2.62236
H10934 108 0.0541897 11 0.115789 2.13673
H10935 108 0.0541897 11 0.115789 2.13673
H10970 18 0.00903161 6 0.0631579 6.99298
H11007 8 0.00401405 6 0.0631579 15.7342
H11057 44 0.0220773 26 0.273684 12.3966
H11113 20 0.0100351 7 0.0736842 7.34265
H11177 66 0.0331159 7 0.0736842 2.22504
H11250 67 0.0336177 11 0.115789 3.44429
H11484 113 0.0566984 19 0.2 3.52744
H11485 115 0.057702 19 0.2 3.46608
H11525 36 0.0180632 16 0.168421 9.32398
H11621 24 0.0120421 6 0.0631579 5.24476
H11622 24 0.0120421 6 0.0631579 5.24476
H11678 45 0.022579 6 0.0631579 2.7972
H12177 104 0.0521826 12 0.126316 2.42065
H12190 51 0.0255896 10 0.105263 4.11351
H12194 73 0.0366282 7 0.0736842 2.01168
H12521 68 0.0341194 18 0.189474 5.55326
H12522 78 0.039137 18 0.189474 4.8413
H12570 120 0.0602107 18 0.189474 3.14685
H12817 20 0.0100351 8 0.0842105 8.3916
H12852 10 0.00501756 5 0.0526316 10.4895
H12925 63 0.0316106 23 0.242105 7.65898
H13280 32 0.0160562 11 0.115789 7.21148
H13333 36 0.0180632 5 0.0526316 2.91375
H13405 12 0.00602107 6 0.0631579 10.4895
H13406 12 0.00602107 6 0.0631579 10.4895
H13566 21 0.0105369 6 0.0631579 5.99397
H13722 7 0.00351229 6 0.0631579 17.982
H13723 7 0.00351229 6 0.0631579 17.982
H13756 49 0.0245861 17 0.178947 7.27838
H13840 7 0.00351229 5 0.0526316 14.985
H13857 63 0.0316106 38 0.4 12.654
H13858 49 0.0245861 6 0.0631579 2.56885
H13940 119 0.059709 16 0.168421 2.8207
H14051 83 0.0416458 32 0.336842 8.08826
H14072 36 0.0180632 7 0.0736842 4.07924
H14077 66 0.0331159 7 0.0736842 2.22504
H14129 113 0.0566984 13 0.136842 2.41351
H14188 6 0.00301054 5 0.0526316 17.4824
H14189 13 0.00652283 5 0.0526316 8.06883
H14240 23 0.0115404 8 0.0842105 7.29702
H14241 24 0.0120421 8 0.0842105 6.99301
H14242 107 0.0536879 13 0.136842 2.54884
H14244 103 0.0516809 11 0.115789 2.24046
H14245 114 0.0572002 14 0.147368 2.57635
H14251 131 0.0657301 13 0.136842 2.08188
H14253 102 0.0511791 10 0.105263 2.05676
H14278 18 0.00903161 6 0.0631579 6.99298
H14290 122 0.0612142 20 0.210526 3.43917
H14568 48 0.0240843 7 0.0736842 3.05943
H14586 37 0.018565 7 0.0736842 3.96898
H14773 22 0.0110386 5 0.0526316 4.76796
H14895 79 0.0396387 26 0.273684 6.90446
H14896 79 0.0396387 26 0.273684 6.90446
H14897 79 0.0396387 26 0.273684 6.90446
H15020 29 0.0145509 11 0.115789 7.95751
H15218 16 0.0080281 5 0.0526316 6.55592
H15261 86 0.043151 14 0.147368 3.41517
H15262 86 0.043151 14 0.147368 3.41517
H15263 85 0.0426493 14 0.147368 3.45534
H15303 25 0.0125439 6 0.0631579 5.03495
H15304 33 0.016558 6 0.0631579 3.81434
H15305 33 0.016558 6 0.0631579 3.81434
H15306 33 0.016558 6 0.0631579 3.81434
H15350 110 0.0551932 11 0.115789 2.09789
H15421 113 0.0566984 19 0.2 3.52744
H15440 32 0.0160562 7 0.0736842 4.58914
H15505 11 0.00551932 6 0.0631579 11.4431
H15614 83 0.0416458 29 0.305263 7.32998
H15616 57 0.0286001 18 0.189474 6.62494
H15620 65 0.0326141 18 0.189474 5.80957
H15876 19 0.00953337 6 0.0631579 6.62493
H15919 14 0.00702459 6 0.0631579 8.99097
H15951 25 0.0125439 5 0.0526316 4.19579
H16043 43 0.0215755 18 0.189474 8.78191
H16044 33 0.016558 10 0.105263 6.35723
H16045 43 0.0215755 18 0.189474 8.78191
H16046 88 0.0441545 9 0.0947368 2.14558
H16140 142 0.0712494 17 0.178947 2.51156
H16157 17 0.00852985 8 0.0842105 9.87245
H16171 110 0.0551932 12 0.126316 2.28862
H16172 154 0.0772704 16 0.168421 2.17963
H16183 6 0.00301054 5 0.0526316 17.4824
H16285 37 0.018565 8 0.0842105 4.53598
H16322 22 0.0110386 6 0.0631579 5.72155
H16369 21 0.0105369 7 0.0736842 6.99297
H16517 24 0.0120421 5 0.0526316 4.37063
H16518 24 0.0120421 5 0.0526316 4.37063
H16588 85 0.0426493 9 0.0947368 2.2213
H16590 124 0.0622178 14 0.147368 2.36858
H16591 128 0.0642248 14 0.147368 2.29457
H16605 115 0.057702 13 0.136842 2.37153
H16607 42 0.0210738 5 0.0526316 2.49749
H16609 50 0.0250878 8 0.0842105 3.35663
H16611 49 0.0245861 7 0.0736842 2.99699
H16613 113 0.0566984 12 0.126316 2.22786
H16618 145 0.0727546 16 0.168421 2.31492
H16626 95 0.0476668 13 0.136842 2.8708
H16628 108 0.0541897 11 0.115789 2.13673
H16643 107 0.0536879 12 0.126316 2.35278
H16644 92 0.0461616 10 0.105263 2.28032
H16699 56 0.0280983 12 0.126316 4.4955
H16706 119 0.059709 14 0.147368 2.4681
H16752 6 0.00301054 5 0.0526316 17.4824
H16767 13 0.00652283 6 0.0631579 9.68259
H16796 34 0.0170597 10 0.105263 6.17027
H16797 34 0.0170597 10 0.105263 6.17027
H16883 28 0.0140492 11 0.115789 8.24168
H16884 37 0.018565 11 0.115789 6.23695
H16885 28 0.0140492 11 0.115789 8.24168
H16891 31 0.0155544 11 0.115789 7.44413
H16892 28 0.0140492 11 0.115789 8.24168
H16893 29 0.0145509 11 0.115789 7.95751
H16894 29 0.0145509 11 0.115789 7.95751
H16938 26 0.0130457 6 0.0631579 4.84128
H17061 28 0.0140492 5 0.0526316 3.74623
H17124 15 0.00752634 5 0.0526316 6.99299
H17125 12 0.00602107 5 0.0526316 8.74124
H17431 102 0.0511791 33 0.347368 6.7873
H17518 111 0.0556949 19 0.2 3.59099
H17519 111 0.0556949 19 0.2 3.59099
H17520 110 0.0551932 19 0.2 3.62363
H17521 110 0.0551932 19 0.2 3.62363
H17522 110 0.0551932 19 0.2 3.62363
H17544 13 0.00652283 7 0.0736842 11.2964
H17545 13 0.00652283 7 0.0736842 11.2964
H17721 86 0.043151 11 0.115789 2.68334
H17723 80 0.0401405 8 0.0842105 2.09789
H17731 97 0.0486703 10 0.105263 2.16278
H17931 20 0.0100351 6 0.0631579 6.2937
H18115 114 0.0572002 14 0.147368 2.57635
H18118 100 0.0501756 11 0.115789 2.30768
H18133 99 0.0496739 10 0.105263 2.11908
H18156 45 0.022579 15 0.157895 6.993
H18279 10 0.00501756 6 0.0631579 12.5874
H18404 41 0.020572 11 0.115789 5.62848
H18405 41 0.020572 11 0.115789 5.62848
H18420 46 0.0230808 5 0.0526316 2.28032
H18469 8 0.00401405 6 0.0631579 15.7342
H18585 85 0.0426493 26 0.273684 6.41708
H18674 90 0.0451581 9 0.0947368 2.09789
H18774 39 0.0195685 6 0.0631579 3.22753
H18876 22 0.0110386 16 0.168421 15.2575
H18929 45 0.022579 18 0.189474 8.3916
H18930 34 0.0170597 12 0.126316 7.40435
H19013 35 0.0175615 14 0.147368 8.39154
H19116 45 0.022579 6 0.0631579 2.7972
H19322 10 0.00501756 5 0.0526316 10.4895
H19383 12 0.00602107 5 0.0526316 8.74124
H19635 7 0.00351229 7 0.0736842 20.979
H19670 5 0.00250878 5 0.0526316 20.979
H19671 5 0.00250878 5 0.0526316 20.979
H19730 9 0.00451581 6 0.0631579 13.986
H19973 107 0.0536879 11 0.115789 2.15671
H19976 100 0.0501756 11 0.115789 2.30768
H19981 93 0.0466633 9 0.0947368 2.03022
H20061 117 0.0587055 19 0.2 3.40684
H20395 23 0.0115404 6 0.0631579 5.47277
H20402 40 0.0200702 11 0.115789 5.7692
H20475 40 0.0200702 11 0.115789 5.7692
H20476 41 0.020572 11 0.115789 5.62848
H20504 75 0.0376317 28 0.294737 7.83215
H20505 75 0.0376317 28 0.294737 7.83215
H20506 76 0.0381335 28 0.294737 7.72908
H20507 75 0.0376317 28 0.294737 7.83215
H20508 77 0.0386352 28 0.294737 7.62872
H20509 75 0.0376317 30 0.315789 8.39157
H20600 12 0.00602107 6 0.0631579 10.4895
H20603 10 0.00501756 6 0.0631579 12.5874
H21171 18 0.00903161 7 0.0736842 8.15848
H21219 18 0.00903161 6 0.0631579 6.99298
H21232 60 0.0301054 27 0.284211 9.44053
H21239 25 0.0125439 5 0.0526316 4.19579
H21364 49 0.0245861 7 0.0736842 2.99699
H21365 46 0.0230808 5 0.0526316 2.28032
H21387 72 0.0361264 27 0.284211 7.86713
H21423 47 0.0235825 5 0.0526316 2.23181
H21479 8 0.00401405 5 0.0526316 13.1118
H21633 45 0.022579 5 0.0526316 2.331
H21727 12 0.00602107 6 0.0631579 10.4895
H21754 29 0.0145509 11 0.115789 7.95751
H21906 5 0.00250878 5 0.0526316 20.979
H21914 48 0.0240843 16 0.168421 6.99298
H21975 45 0.022579 6 0.0631579 2.7972
H22089 121 0.0607125 17 0.178947 2.94745
H22373 24 0.0120421 11 0.115789 9.61535
H22374 36 0.0180632 11 0.115789 6.41022
H22375 26 0.0130457 11 0.115789 8.87564
H22376 23 0.0115404 11 0.115789 10.0334
H22377 23 0.0115404 11 0.115789 10.0334
H22452 66 0.0331159 9 0.0947368 2.86076
H22521 15 0.00752634 6 0.0631579 8.39158
H22683 34 0.0170597 7 0.0736842 4.3192
H22684 34 0.0170597 7 0.0736842 4.3192
H22685 34 0.0170597 7 0.0736842 4.3192
H22687 34 0.0170597 7 0.0736842 4.3192
H22688 34 0.0170597 7 0.0736842 4.3192
H22689 34 0.0170597 7 0.0736842 4.3192
H22791 34 0.0170597 11 0.115789 6.78728
H22792 37 0.018565 11 0.115789 6.23695
H22793 38 0.0190667 11 0.115789 6.07284
H22794 32 0.0160562 11 0.115789 7.21148
H22795 28 0.0140492 11 0.115789 8.24168
H23000 13 0.00652283 7 0.0736842 11.2964
H23044 94 0.0471651 16 0.168421 3.57088
H23127 47 0.0235825 7 0.0736842 3.12453
H23167 11 0.00551932 5 0.0526316 9.53588
H23202 97 0.0486703 12 0.126316 2.59534
H23203 132 0.0662318 17 0.178947 2.70183
H23206 103 0.0516809 10 0.105263 2.03679
H23210 111 0.0556949 13 0.136842 2.45699
H23211 84 0.0421475 9 0.0947368 2.24774
H23212 112 0.0561967 13 0.136842 2.43505
H23222 43 0.0215755 7 0.0736842 3.41518
H23223 39 0.0195685 7 0.0736842 3.76545
H23224 40 0.0200702 7 0.0736842 3.67132
H23225 39 0.0195685 7 0.0736842 3.76545
H23419 36 0.0180632 7 0.0736842 4.07924
H23420 39 0.0195685 7 0.0736842 3.76545
H23421 43 0.0215755 8 0.0842105 3.90306
H23422 38 0.0190667 7 0.0736842 3.86455
H23494 66 0.0331159 7 0.0736842 2.22504
H23529 44 0.0220773 8 0.0842105 3.81435
H23530 44 0.0220773 8 0.0842105 3.81435
H23531 44 0.0220773 8 0.0842105 3.81435
H23684 7 0.00351229 5 0.0526316 14.985
H24223 91 0.0456598 26 0.273684 5.99398
H24229 42 0.0210738 7 0.0736842 3.49648
H24374 48 0.0240843 11 0.115789 4.80765
H24389 20 0.0100351 8 0.0842105 8.3916
H24392 20 0.0100351 8 0.0842105 8.3916
H24393 20 0.0100351 8 0.0842105 8.3916
H24394 20 0.0100351 8 0.0842105 8.3916
H24540 31 0.0155544 5 0.0526316 3.38371
H24541 29 0.0145509 5 0.0526316 3.61707
H24781 28 0.0140492 5 0.0526316 3.74623
H25027 60 0.0301054 12 0.126316 4.19579
H25213 44 0.0220773 22 0.231579 10.4895
H25220 132 0.0662318 16 0.168421 2.5429
H25361 23 0.0115404 5 0.0526316 4.56064
H25469 62 0.0311089 12 0.126316 4.06045
H25683 92 0.0461616 11 0.115789 2.50834
H25689 107 0.0536879 13 0.136842 2.54884
H25717 34 0.0170597 11 0.115789 6.78728
H25727 62 0.0311089 7 0.0736842 2.36859
H25728 62 0.0311089 7 0.0736842 2.36859
H25938 101 0.0506774 12 0.126316 2.49255
H25939 91 0.0456598 9 0.0947368 2.07484
H25940 92 0.0461616 9 0.0947368 2.05229
H25942 84 0.0421475 11 0.115789 2.74723
H25966 101 0.0506774 13 0.136842 2.70026
H26114 112 0.0561967 11 0.115789 2.06042
H26280 44 0.0220773 5 0.0526316 2.38397
H26321 91 0.0456598 28 0.294737 6.45507
H26386 4 0.00200702 5 0.0526316 26.2238
H26387 7 0.00351229 6 0.0631579 17.982
H26550 31 0.0155544 7 0.0736842 4.73719
H26622 30 0.0150527 9 0.0947368 6.29367
H26792 75 0.0376317 28 0.294737 7.83215
H26807 5 0.00250878 7 0.0736842 29.3705
H26808 11 0.00551932 7 0.0736842 13.3502
H26809 7 0.00351229 7 0.0736842 20.979
H26820 54 0.0270948 12 0.126316 4.662
H26823 7 0.00351229 6 0.0631579 17.982
H27020 7 0.00351229 6 0.0631579 17.982
H27064 111 0.0556949 19 0.2 3.59099
H27220 41 0.020572 11 0.115789 5.62848
H27233 32 0.0160562 20 0.210526 13.1118
H27241 44 0.0220773 5 0.0526316 2.38397
H27326 92 0.0461616 13 0.136842 2.96441
H27514 14 0.00702459 5 0.0526316 7.49248
H27717 94 0.0471651 16 0.168421 3.57088
H27800 11 0.00551932 5 0.0526316 9.53588
H28050 62 0.0311089 22 0.231579 7.44414
H28105 112 0.0561967 16 0.168421 2.99699
H28593 90 0.0451581 26 0.273684 6.06057
H28594 90 0.0451581 26 0.273684 6.06057
H28688 64 0.0321124 9 0.0947368 2.95016
H28711 22 0.0110386 5 0.0526316 4.76796
H28853 11 0.00551932 5 0.0526316 9.53588
H28929 40 0.0200702 6 0.0631579 3.14685
H29034 35 0.0175615 11 0.115789 6.59334
H29086 27 0.0135474 6 0.0631579 4.66199
H29354 86 0.043151 34 0.357895 8.29401
H29585 22 0.0110386 6 0.0631579 5.72155
H29590 31 0.0155544 6 0.0631579 4.06045
H29596 35 0.0175615 15 0.157895 8.99097
H29626 18 0.00903161 9 0.0947368 10.4895
H29745 25 0.0125439 7 0.0736842 5.87411
H29954 31 0.0155544 18 0.189474 12.1814
H29955 31 0.0155544 18 0.189474 12.1814
H29996 56 0.0280983 15 0.157895 5.61938
H30276 16 0.0080281 6 0.0631579 7.8671
H30277 16 0.0080281 6 0.0631579 7.8671
H30278 16 0.0080281 6 0.0631579 7.8671
H30461 56 0.0280983 27 0.284211 10.1149
H30632 34 0.0170597 8 0.0842105 4.93622
H30652 11 0.00551932 5 0.0526316 9.53588
H30674 20 0.0100351 6 0.0631579 6.2937
H30681 20 0.0100351 6 0.0631579 6.2937
H30682 20 0.0100351 6 0.0631579 6.2937
H30683 20 0.0100351 6 0.0631579 6.2937
H30746 83 0.0416458 15 0.157895 3.79138
H30832 24 0.0120421 11 0.115789 9.61535
H31407 47 0.0235825 6 0.0631579 2.67817
H31493 28 0.0140492 11 0.115789 8.24168
H31506 28 0.0140492 7 0.0736842 5.24473
H31812 19 0.00953337 5 0.0526316 5.52078
H32269 22 0.0110386 6 0.0631579 5.72155
H32597 47 0.0235825 6 0.0631579 2.67817
H32691 28 0.0140492 7 0.0736842 5.24473
H32707 28 0.0140492 11 0.115789 8.24168
H32964 32 0.0160562 6 0.0631579 3.93355
H33494 22 0.0110386 6 0.0631579 5.72155
H33552 7 0.00351229 6 0.0631579 17.982
H33583 57 0.0286001 8 0.0842105 2.94441
