NP_000446.1 0.125352 4.0 2.67
NP_004435.3 0.144366 0.85 -0.77
NP_009125.1 0.137324 0.36 -1.31
NP_000052.1 0.166197 1.83 0.3
NP_004324.2 0.171127 1.76 0.22
NP_003233.4 0.159155 1.04 -0.57
NP_001070.2 0.159155 1.41 -0.16
NP_006197.1 0.172535 1.87 0.34
NP_002600.1 0.172535 1.8 0.26
NP_000171.1 0.145775 1.47 -0.1
NP_940867.2 0.159155 3.66 2.3
NP_000206.2 0.153521 0.45 -1.21
NP_001070869.1 0.137324 1.37 -0.21
NP_060893.2 0.170423 3.42 2.03
NP_689850.2 0.0711268 1.67 0.12
NP_001513.2 0.139437 1.36 -0.22
NP_003206.2 0.157746 1.41 -0.16
NP_891555.2 0.172535 0.92 -0.7
NP_149109.1 0.142958 1.19 -0.4
NP_005223.4 0.161972 0.6 -1.05
NP_005226.1 0.159155 0.33 -1.34
NP_001973.2 0.169014 1.54 -0.02
NP_775771.3 0.133803 1.92 0.4
NP_542437.2 0.765493 1.66 0.11
NP_001262.3 0.221127 1.21 -0.38
NP_001032420.1 0.159859 1.4 -0.17
