NP_057346.1 0.195679 0 -1.05
NP_001070948.1 0.597009 0.7 -0.47
NP_000900.1 0.270046 0.93 -0.27
NP_068761.4 0.177815 0.82 -0.37
NP_057110.3 0.665559 0.0 -1.05
NP_000955.1 0.108434 1.28 0.02
NP_000869.1 0.473619 3.13 1.56
NP_004061.3 0.0324055 2.72 1.22
NP_000116.2 0.164105 2.06 0.67
NP_003880.3 0.54757 0 -1.05
NP_001948.1 0.251766 0.62 -0.53
NP_000035.2 0.680515 5.21 3.3
NP_008848.1 0.108018 1.56 0.25
NP_059125.2 0.193602 0.57 -0.57
NP_001077422.1 0.604487 0.98 -0.23
NP_057104.2 0.178646 1.16 -0.08
NP_008912.2 0.117574 2.74 1.24
NP_776173.3 0.142086 1.88 0.52
NP_006411.2 0.624013 4.64 2.83
NP_001018087.1 0.648525 1.02 -0.2
NP_001058.2 0.167013 0.4 -0.72
NP_000320.1 0.193602 0 -1.05
NP_001262.3 0.144994 1.98 0.6
NP_000949.1 0.544661 1.42 0.14
NP_001154824.1 0.187786 2.6 1.12
NP_068586.1 0.280432 0.86 -0.33
NP_065740.2 0.0901537 1.7 0.37
NP_001001968.1 0.557541 0.88 -0.32
NP_001429.2 0.157457 0.32 -0.78
NP_036501.2 0.528459 2.52 1.05
NP_055006.1 0.121728 6.78 4.62
NP_001004691.1 0.208974 1.2 -0.05
NP_000203.2 0.60698 0 -1.05
NP_002126.2 0.0386373 2.65 1.16
NP_003604.3 0.339427 0.84 -0.35
NP_001813.1 0.171167 1.76 0.42
NP_000343.2 0.619859 0.72 -0.45
NP_777637.1 0.174076 1.66 0.34
NP_000666.2 0.46988 0.56 -0.58
NP_001004477.1 0.215206 1.14 -0.1
NP_995582.1 0.115912 0.55 -0.59
NP_055040.2 0.664312 2.58 1.1
NP_000339.2 0.617781 0.57 -0.57
NP_001004134.1 0.494807 1.85 0.49
NP_115942.1 0.492314 0.89 -0.31
NP_006245.2 0.206897 0.29 -0.81
NP_060530.3 0.376402 0 -1.05
NP_055878.1 0.693394 1.04 -0.18
NP_001116131.1 0.551724 0 -1.05
NP_064505.1 0.557541 5.49 3.54
NP_817124.1 0.0743664 0 -1.05
NP_001001953.1 0.576651 0.15 -0.93
NP_002202.2 0.655588 2.71 1.21
NP_940905.2 0.101786 0.82 -0.37
NP_073563.1 0.695056 4.27 2.52
NP_006412.2 0.641047 0 -1.05
NP_055380.2 0.568758 0.81 -0.37
NP_001001821.1 0.314915 3.0 1.46
NP_003963.1 0.673452 1.74 0.4
NP_000957.1 0.180307 2.05 0.66
NP_003638.1 0.415039 0.97 -0.24
NP_001001919.1 0.508932 0.92 -0.28
NP_005903.2 0.397175 1.21 -0.04
NP_001004486.1 0.454508 0.78 -0.4
NP_705932.2 0.134192 0 -1.05
NP_001001961.1 0.218529 1.38 0.1
NP_005293.1 0.272123 0.49 -0.64
NP_001005480.2 0.53469 1.33 0.06
NP_001135920.1 0.199834 1.12 -0.12
NP_000518.1 0.0635646 0.64 -0.52
NP_002891.1 0.638139 0.85 -0.34
NP_000069.2 0.0224346 0.3 -0.8
NP_066920.1 0.697964 1.81 0.46
NP_997221.2 0.135438 0.42 -0.7
NP_057263.1 0.368093 1.57 0.26
NP_997253.2 0.515164 0.8 -0.38
NP_660158.2 0.638139 1.23 -0.02
NP_063950.2 0.248442 1.31 0.04
NP_892114.1 0.69381 2.65 1.16
NP_003043.3 0.130453 0.16 -0.92
NP_001001659.1 0.459909 1.75 0.41
NP_001004733.1 0.586622 1.4 0.12
NP_001073995.1 0.677607 0.98 -0.23
NP_006735.2 0.60241 1.54 0.24
NP_001004693.1 0.505193 1.17 -0.07
NP_001005738.1 0.24221 0.58 -0.57
NP_004950.2 0.108849 1.78 0.44
NP_001129335.1 0.0864146 1.64 0.32
NP_065068.1 0.508101 0.43 -0.69
NP_001073327.1 0.198587 2.33 0.9
NP_060254.2 0.583299 2.09 0.7
NP_995322.1 0.113419 1.29 0.03
NP_057345.2 0.190278 0 -1.05
NP_001077.2 0.396759 0 -1.05
NP_110385.1 0.57042 1.88 0.52
NP_473447.1 0.436643 1.07 -0.16
NP_056248.2 0.183216 1.15 -0.09
NP_001005500.1 0.552971 0.41 -0.71
NP_001428.1 0.200249 1.04 -0.18
NP_110400.1 0.193187 0 -1.05
NP_694979.2 0.207312 0.69 -0.47
NP_073613.2 0.560449 0.16 -0.92
NP_004901.2 0.0673037 0.83 -0.36
NP_036587.2 0.569589 0.99 -0.22
NP_056098.1 0.0714582 0.05 -1.01
NP_071442.2 0.245949 0 -1.05
NP_001028217.1 0.281678 0 -1.05
NP_003236.3 0.178646 0 -1.05
NP_203746.1 0.580806 0.64 -0.52
NP_001005486.1 0.408392 1.27 0.01
NP_112191.2 0.282509 1.71 0.38
