NP_066920.1 0.544571 8.76 4.86
NP_001116131.1 0.431118 0 -0.87
NP_006411.2 0.486872 2.75 0.93
NP_000317.1 0.494976 0.0 -0.87
NP_000292.1 0.270016 6.45 3.35
NP_000125.2 0.52966 0.89 -0.29
NP_001138.1 0.408104 1.65 0.21
NP_002176.2 0.38282 3.16 1.19
NP_004711.2 0.384117 0.98 -0.23
NP_001262.3 0.120583 1.46 0.08
NP_002201.1 0.189627 0 -0.87
NP_005947.3 0.0593193 2.98 1.08
NP_000343.2 0.483955 3.52 1.43
NP_036230.1 0.407455 1.8 0.3
NP_703147.2 0.124473 0.26 -0.7
NP_004035.2 0.0849271 1.39 0.04
NP_001017403.1 0.223339 4.78 2.25
NP_000466.2 0.504052 1.85 0.34
NP_068761.4 0.164992 0.68 -0.43
NP_005039.1 0.15624 4.37 1.99
NP_001948.1 0.197731 1.87 0.35
NP_000869.1 0.509562 0.95 -0.25
NP_000197.1 0.482658 3.43 1.37
NP_057104.2 0.155267 3.1 1.16
NP_055006.1 0.0820097 4.8 2.27
NP_003910.1 0.404214 2.53 0.78
NP_008927.1 0.232091 0 -0.87
NP_005390.1 0.289465 0.68 -0.43
NP_066962.2 0.13128 0.67 -0.44
NP_000880.1 0.604214 3.92 1.69
NP_056255.2 0.0593193 5.7 2.86
NP_001018087.1 0.505673 0.92 -0.27
NP_003134.1 0.145219 2.33 0.65
NP_001813.1 0.138412 2.22 0.58
NP_068656.2 0.399352 0.57 -0.5
NP_006570.1 0.463209 5.88 2.97
NP_003236.3 0.149433 0.02 -0.86
NP_001008701.1 0.103079 5.52 2.74
NP_919231.1 0.11637 0.45 -0.58
NP_073613.2 0.437925 1.27 -0.04
NP_001001967.1 0.306321 1.14 -0.13
NP_892114.1 0.541329 0.95 -0.25
NP_001062.1 0.152026 1.92 0.38
NP_004099.2 0.405511 1.31 -0.02
NP_001695.1 0.0998379 1.44 0.07
NP_057208.2 0.233063 1.43 0.06
NP_001488.2 0.235981 1.71 0.25
NP_001139505.1 0.11799 0.26 -0.7
NP_001004715.1 0.176985 0.51 -0.54
NP_000203.2 0.582172 0.22 -0.73
NP_005903.2 0.309887 0 -0.87
NP_006735.2 0.472285 2.17 0.55
NP_740746.4 0.376985 3.54 1.44
NP_003604.3 0.343274 0.34 -0.65
NP_057521.1 0.153971 0 -0.87
NP_473366.1 0.208752 0 -0.87
NP_000146.2 0.14295 0 -0.87
NP_000035.2 0.532253 2.64 0.85
NP_001070948.1 0.465802 0 -0.87
NP_060254.2 0.454781 2.59 0.82
NP_001065.2 0.135818 4.85 2.3
NP_002205.1 0.214263 0.41 -0.61
NP_835228.2 0.409076 0.99 -0.23
NP_067022.1 0.526742 0 -0.87
NP_005293.1 0.212966 0 -0.87
NP_006412.2 0.500162 1.96 0.41
NP_001004733.1 0.462561 1.0 -0.22
NP_002395.1 0.404862 2.45 0.73
NP_001139443.1 0.526094 0.39 -0.62
NP_075380.1 0.371799 1.05 -0.19
NP_002202.2 0.519611 3.11 1.16
NP_005540.1 0.565316 0.71 -0.41
NP_005991.1 0.176985 2.71 0.9
NP_002891.1 0.497893 0.66 -0.44
NP_835230.1 0.219773 0.18 -0.76
NP_065892.1 0.547812 2.5 0.76
NP_001005738.1 0.190924 0 -0.87
NP_000949.1 0.425284 2.46 0.74
NP_001001968.1 0.441167 2.43 0.72
NP_001005193.1 0.371475 0.65 -0.45
NP_060347.2 0.185413 3.35 1.32
NP_001416.1 0.470016 2.16 0.54
NP_001077422.1 0.47423 0.49 -0.55
NP_061743.1 0.145219 1.1 -0.15
NP_066969.1 0.406159 0.18 -0.76
NP_064505.1 0.439546 1.19 -0.09
NP_945190.1 0.158833 0.75 -0.38
NP_079469.2 0.431767 2.82 0.97
NP_542437.2 0.502107 0.37 -0.63
NP_005467.1 0.141329 4.43 2.03
NP_997303.2 0.122204 0.38 -0.62
NP_071417.2 0.415235 0 -0.87
NP_055878.1 0.541005 3.88 1.67
NP_001073995.1 0.52966 0.64 -0.45
NP_071442.2 0.17893 0.68 -0.43
NP_003970.1 0.527715 0.7 -0.42
NP_005294.1 0.351378 1.03 -0.2
NP_001005500.1 0.435981 0 -0.87
NP_001004690.1 0.34846 0.51 -0.54
NP_997708.1 0.446677 0.84 -0.32
NP_036606.2 0.145867 0.83 -0.33
NP_000254.2 0.448947 0 -0.87
NP_056248.2 0.169854 1.76 0.28
NP_002971.2 0.381524 0 -0.87
NP_689856.6 0.101459 0.74 -0.39
NP_001004704.1 0.316045 0 -0.87
NP_060960.2 0.231118 0 -0.87
NP_060095.2 0.36013 0.33 -0.66
NP_036587.2 0.509562 3.09 1.15
NP_079079.1 0.183144 0 -0.87
NP_001003443.2 0.45316 0.5 -0.55
NP_055433.2 0.273906 0.67 -0.44
NP_009091.3 0.329984 0.79 -0.36
NP_001001953.1 0.456078 0 -0.87
NP_001005417.1 0.446677 1.64 0.2
NP_001005278.1 0.187034 0.26 -0.7
NP_065828.2 0.3047 6.3 3.25
NP_550438.1 0.174392 0.13 -0.79
NP_001392.2 0.321232 0.56 -0.51
NP_001004692.1 0.367585 3.9 1.68
NP_060081.1 0.182496 2.52 0.78
NP_060069.3 0.545543 1.07 -0.17
NP_003638.1 0.348136 0 -0.87
NP_060329.2 0.138412 1.84 0.33
NP_003459.2 0.318963 0.64 -0.45
NP_001017535.1 0.526418 1.58 0.16
NP_058197.2 0.148136 0.82 -0.34
NP_659489.1 0.15235 0.81 -0.34
NP_001128618.1 0.323825 1.88 0.36
NP_115665.1 0.472934 0 -0.87
NP_006282.2 0.314425 0.21 -0.74
NP_079519.1 0.259319 0.44 -0.59
NP_001004475.1 0.192545 0.81 -0.34
NP_001013373.1 0.469368 1.14 -0.13
NP_005003.2 0.147164 0.33 -0.66
NP_114123.2 0.403241 0.91 -0.28
NP_060220.3 0.525446 0.15 -0.78
NP_671723.1 0.318314 0.61 -0.47
NP_689617.3 0.121556 0 -0.87
NP_647537.1 0.223987 0.78 -0.36
NP_065068.1 0.395786 0.17 -0.76
NP_001004459.1 0.490762 1.21 -0.08
NP_003373.2 0.212642 1.08 -0.17
NP_057346.1 0.175041 0 -0.87
NP_001176.1 0.359481 1.7 0.24
NP_060351.1 0.144895 0.89 -0.29
NP_112208.1 0.195138 0.63 -0.46
NP_000779.1 0.156564 1.1 -0.15
NP_005132.2 0.323825 0.06 -0.83
NP_003726.1 0.211994 0 -0.87
NP_056049.4 0.097893 0.83 -0.33
NP_073563.1 0.543598 0 -0.87
NP_076407.1 0.337115 0 -0.87
NP_112591.2 0.541977 0.99 -0.23
NP_065947.1 0.484603 0.05 -0.84
NP_001001955.2 0.217828 1.11 -0.15
NP_787052.3 0.12577 0 -0.87
NP_001004745.1 0.20389 1.09 -0.16
NP_776160.2 0.23047 0.74 -0.39
NP_065746.3 0.169206 0.94 -0.26
NP_002901.2 0.446029 0.51 -0.54
NP_004535.1 0.156564 1.8 0.3
NP_057340.2 0.446029 0 -0.87
NP_001005522.1 0.154619 0.47 -0.57
NP_000950.1 0.392545 0.77 -0.37
NP_001005501.1 0.330308 0.84 -0.32
NP_001010874.2 0.410049 0.24 -0.72
NP_065203.2 0.337115 0 -0.87
NP_001004477.1 0.176337 0.34 -0.65
NP_001120932.1 0.150405 0.57 -0.5
