NP_000052.1 0.114619 4.65 2.02
NP_066550.2 0.156872 3.7 1.38
NP_006197.1 0.138902 3.2 1.04
NP_005682.2 0.166586 0 -1.13
NP_004295.2 0.119475 2.68 0.69
NP_001560.2 0.123361 1.12 -0.37
NP_005219.2 0.116561 0 -1.13
NP_076985.4 0.235066 0.75 -0.62
NP_005583.1 0.11899 4.37 1.83
NP_055731.2 0.121418 0.85 -0.55
NP_068713.2 0.114619 5.74 2.76
NP_001012338.1 0.11899 3.33 1.13
NP_000409.1 0.543953 0.86 -0.54
NP_005131.1 0.153958 3.07 0.95
NP_660302.2 0.115104 1.67 0.01
NP_066124.1 0.11899 3.34 1.14
NP_115811.2 0.118504 2.88 0.82
NP_002244.1 0.114619 4.07 1.63
NP_061971.3 0.12239 0 -1.13
NP_001973.2 0.116561 0 -1.13
NP_001185.3 0.15493 1.04 -0.42
NP_057346.1 0.262263 0.17 -1.01
NP_005003.2 0.200583 2.05 0.26
NP_000213.1 0.110733 0.81 -0.58
NP_002392.2 0.126761 0.92 -0.5
NP_004324.2 0.119475 2.56 0.61
NP_002600.1 0.138902 0.46 -0.81
NP_002335.2 0.115104 1.26 -0.27
NP_001120932.1 0.218553 0.77 -0.6
NP_002749.2 0.161729 1.71 0.03
NP_001996.1 0.11899 0.43 -0.83
NP_003812.1 0.122875 0.92 -0.5
NP_037490.2 0.154444 1.4 -0.18
NP_891555.2 0.11899 1.3 -0.25
NP_059129.3 0.137931 0 -1.13
NP_001032420.1 0.110733 0.79 -0.59
NP_851564.1 0.542496 1.16 -0.34
NP_079079.1 0.276348 0.03 -1.1
NP_000132.3 0.157844 2.45 0.53
NP_443714.3 0.109276 1.36 -0.2
NP_001061.2 0.223409 0.29 -0.93
