NP_058633.2 0.162076 2.76 0.69
NP_071415.1 0.0407839 0 -0.96
NP_004997.4 0.0720339 1.39 -0.13
NP_066962.2 0.214513 1.27 -0.2
NP_006297.2 0.0741525 4.66 1.83
NP_006435.2 0.123411 1.27 -0.2
NP_004513.1 0.0873941 1.96 0.21
NP_001017992.1 0.150953 0.81 -0.48
NP_059998.2 0.0752119 1.32 -0.17
NP_110439.2 0.169492 1.47 -0.08
NP_060841.5 0.0715042 0.89 -0.43
NP_001350.1 0.0699153 0.68 -0.56
NP_001004725.1 0.48411 1.24 -0.22
NP_057393.2 0.130297 1.56 -0.03
NP_066943.2 0.0741525 1.93 0.19
NP_001138887.1 0.148305 1.92 0.19
NP_057225.2 0.161547 1.84 0.14
NP_057287.2 0.092161 1.82 0.13
NP_056528.2 0.0900424 1.29 -0.19
NP_775873.2 0.152542 0.91 -0.42
NP_443188.2 0.0720339 2.0 0.24
NP_000388.2 0.0741525 0.6 -0.6
NP_002515.1 0.127119 15.55 8.35
NP_004302.1 0.167373 1.89 0.17
NP_003702.2 0.133475 1.65 0.03
NP_059125.2 0.225106 1.48 -0.08
NP_003697.2 0.0730932 1.48 -0.08
NP_115948.4 0.0974576 0.75 -0.51
NP_659409.2 0.0720339 1.52 -0.05
NP_000007.1 0.0805085 0.88 -0.44
NP_071881.1 0.122352 1.45 -0.09
NP_005680.1 0.122881 1.22 -0.23
NP_004555.1 0.135064 1.74 0.08
NP_005331.1 0.100636 1.09 -0.31
NP_699163.2 0.243644 1.86 0.15
NP_005338.1 0.123411 1.46 -0.09
NP_064585.1 0.118644 1.15 -0.27
NP_060715.2 0.0720339 0.39 -0.73
NP_004079.3 0.0677966 1.51 -0.06
NP_689644.2 0.101695 0.93 -0.41
NP_055069.1 0.113877 1.37 -0.14
NP_002906.1 0.0820975 0.95 -0.39
NP_001005500.1 0.684852 1.78 0.1
NP_116235.2 0.161547 1.3 -0.18
NP_002866.2 0.0852754 1.73 0.07
NP_001073931.1 0.0783898 1.84 0.14
NP_039269.2 0.121822 1.59 -0.01
NP_478123.1 0.0852754 1.31 -0.18
NP_004482.4 0.167373 1.07 -0.32
NP_115890.2 0.151483 1.21 -0.24
NP_110400.1 0.266949 1.02 -0.35
NP_065947.1 0.742055 1.64 0.02
NP_060341.2 0.064089 1.38 -0.14
NP_001005189.1 0.224047 1.41 -0.12
NP_056988.3 0.161547 1.17 -0.26
NP_078961.3 0.0895127 1.38 -0.14
NP_689501.1 0.210805 1.61 0.0
NP_004452.1 0.0799788 1.36 -0.15
NP_001009984.1 0.0805085 1.92 0.19
NP_001008409.1 0.102225 1.73 0.07
NP_001020262.1 0.092161 1.9 0.18
NP_006678.1 0.174788 1.37 -0.14
NP_005318.3 0.0778602 1.43 -0.11
NP_002106.2 0.0752119 1.74 0.08
NP_000420.1 0.0847458 0.25 -0.81
NP_116098.2 0.064089 1.37 -0.14
NP_001002000.1 0.121822 1.23 -0.23
NP_060017.1 0.0858051 1.52 -0.05
NP_057078.1 0.0730932 1.67 0.04
NP_803187.1 0.0820975 1.93 0.19
NP_003375.1 0.112288 1.6 -0.0
NP_006603.2 0.0852754 1.38 -0.14
NP_659412.3 0.0741525 1.58 -0.02
NP_003777.2 0.122352 1.55 -0.03
NP_003822.2 0.165784 1.58 -0.02
NP_001001937.1 0.0810381 1.54 -0.04
NP_005436.1 0.0895127 1.34 -0.16
NP_000170.1 0.0820975 1.47 -0.08
NP_003726.1 0.147246 1.62 0.01
NP_002756.1 0.0725636 1.5 -0.06
NP_067628.1 0.0820975 0.24 -0.82
