NP_002430.3 0.101702 1.46 0.15
NP_001138887.1 0.122217 1.92 1.17
NP_065068.1 0.531209 1.85 1.02
NP_068746.2 0.104758 1.57 0.39
NP_733778.1 0.193802 1.43 0.08
NP_110400.1 0.225666 1.02 -0.84
NP_004209.2 0.137931 1.69 0.66
NP_001062.1 0.193802 1.43 0.08
NP_005336.3 0.102575 0.0 -3.12
NP_653082.1 0.13313 1.18 -0.48
NP_036357.1 0.101266 1.37 -0.05
NP_066962.2 0.176779 1.17 -0.5
NP_005132.2 0.262331 1.36 -0.08
NP_006611.1 0.13313 1.7 0.68
NP_005728.2 0.13313 1.74 0.77
NP_005039.1 0.187691 1.42 0.06
