NP_000546.2 0.0767245 9.11 1.89
NP_005981.3 0.0829952 5.36 0.84
NP_066124.1 0.0903726 2.77 0.11
NP_002010.2 0.0870527 12.02 2.7
NP_066962.2 0.149023 7.37 1.4
NP_000343.2 0.549244 1.54 -0.23
NP_005226.1 0.0833641 28.12 7.2
NP_000035.2 0.603836 10.95 2.4
NP_055731.2 0.0922169 0.65 -0.48
NP_001012338.1 0.0903726 9.93 2.12
NP_001607.1 0.0826263 2.24 -0.04
NP_001973.2 0.0885282 2.41 0.01
NP_000292.1 0.303209 7.6 1.46
NP_001392.2 0.363335 3.43 0.3
NP_001262.3 0.135374 7.89 1.55
NP_066920.1 0.618591 26.29 6.69
NP_000950.1 0.445223 6.01 1.02
NP_002176.2 0.421616 5.61 0.91
NP_001058.2 0.157138 6.71 1.22
NP_001065.2 0.154187 2.7 0.09
NP_001092909.1 0.0848395 0 -0.66
NP_777571.1 0.565105 3.48 0.31
NP_004954.2 0.0844707 2.31 -0.02
NP_940867.2 0.0833641 11.1 2.44
NP_891555.2 0.0903726 8.03 1.58
NP_001900.1 0.229805 4.97 0.73
NP_004293.1 0.0844707 2.2 -0.05
NP_002244.1 0.0870527 25.19 6.38
NP_003043.3 0.116193 2.94 0.16
NP_000897.3 0.0829952 2.76 0.11
NP_037365.2 0.089266 2.21 -0.04
NP_004324.2 0.0896348 0 -0.66
NP_006411.2 0.552564 0 -0.66
NP_001073995.1 0.600516 0 -0.66
NP_065434.1 0.0844707 0 -0.66
NP_060095.2 0.279602 0 -0.66
NP_003549.1 0.0778311 3.51 0.32
NP_003381.1 0.0818886 2.38 0.0
NP_001195.2 0.0874216 0 -0.66
NP_073563.1 0.614902 6.83 1.25
NP_000869.1 0.444854 6.73 1.22
NP_002202.2 0.581704 6.08 1.04
NP_001138618.1 0.1173 2.41 0.01
NP_660302.2 0.0874216 10.89 2.38
NP_068761.4 0.184803 1.36 -0.28
NP_848605.1 0.0815197 1.63 -0.21
NP_001097.2 0.0822575 0.85 -0.42
NP_061948.1 0.13685 0 -0.66
NP_075598.2 0.0955367 3.6 0.35
NP_689617.3 0.138325 0 -0.66
NP_000409.1 0.427149 2.47 0.03
NP_005499.1 0.213943 0.36 -0.56
NP_001017535.1 0.597197 0.45 -0.54
NP_612510.1 0.465142 1.1 -0.35
NP_005219.2 0.0885282 5.26 0.81
NP_001077422.1 0.535596 0.12 -0.63
NP_000052.1 0.0870527 14.52 3.4
NP_001813.1 0.154556 1.02 -0.38
NP_473366.1 0.13685 4.08 0.48
NP_005583.1 0.0903726 2.69 0.09
NP_001018087.1 0.574327 5.76 0.95
NP_067022.1 0.597565 0 -0.66
NP_001948.1 0.222796 3.42 0.29
NP_004295.2 0.0907414 6.34 1.11
NP_037380.1 0.0800443 1.5 -0.24
NP_001036194.1 0.0826263 3.11 0.21
NP_620482.3 0.0888971 0.72 -0.46
NP_005293.1 0.241239 5.67 0.92
NP_003604.3 0.330874 12.27 2.77
NP_001004693.1 0.460347 2.24 -0.04
NP_003319.2 0.0852084 5.95 1.0
NP_079079.1 0.207672 0 -0.66
NP_000146.2 0.162302 0.05 -0.65
NP_068656.2 0.32239 6.76 1.23
NP_004551.2 0.0903726 0.61 -0.49
NP_003236.3 0.167097 10.79 2.36
NP_005991.1 0.200664 2.62 0.07
NP_542780.1 0.141645 1.2 -0.33
NP_005223.4 0.0848395 0 -0.66
NP_703147.2 0.141276 4.42 0.57
NP_002437.2 0.0826263 4.32 0.55
NP_060254.2 0.516783 7.75 1.51
NP_001098028.1 0.621542 1.03 -0.37
NP_000132.3 0.112873 15.64 3.71
NP_751944.1 0.225009 0 -0.66
NP_001004715.1 0.200664 1.46 -0.25
NP_001901.1 0.239764 2.77 0.11
NP_001001914.1 0.528587 2.66 0.08
NP_004434.2 0.0844707 0.32 -0.57
NP_060081.1 0.202139 0.72 -0.46
NP_001008388.1 0.115456 0 -0.66
NP_001008701.1 0.112136 1.66 -0.2
NP_079519.1 0.163039 0 -0.66
NP_004432.1 0.0844707 5.55 0.89
NP_065740.2 0.0804131 5.36 0.84
NP_071376.1 0.329399 0 -0.66
NP_001005226.1 0.444485 4.11 0.49
NP_036497.1 0.171892 0.42 -0.54
NP_689523.1 0.61564 0 -0.66
NP_689643.2 0.181483 4.6 0.62
NP_003567.2 0.0829952 3.54 0.33
NP_001001656.1 0.372556 4.13 0.49
NP_002891.1 0.564736 0 -0.66
NP_001020109.1 0.124308 1.76 -0.17
NP_001004690.1 0.393582 0.29 -0.58
NP_004110.2 0.0870527 9.05 1.87
NP_892114.1 0.614902 0 -0.66
NP_001004135.1 0.258576 1.03 -0.37
NP_003691.1 0.254887 1.45 -0.26
NP_001013373.1 0.533383 10.36 2.24
NP_001005482.1 0.154556 0.67 -0.47
NP_835230.1 0.249354 1.47 -0.25
NP_001096.1 0.0826263 0 -0.66
NP_006673.1 0.335301 3.4 0.29
NP_002022.1 0.0826263 0 -0.66
NP_001005274.1 0.590926 3.94 0.44
NP_000339.2 0.549244 0 -0.66
NP_112208.1 0.221321 0 -0.66
NP_001099028.1 0.0870527 0.5 -0.52
NP_006272.2 0.0829952 0.85 -0.42
NP_005217.2 0.520472 1.38 -0.28
NP_006735.2 0.533751 5.11 0.77
NP_001004708.1 0.392475 3.78 0.4
NP_000907.2 0.256363 2.45 0.02
NP_036499.1 0.50166 0 -0.66
NP_055380.2 0.509775 0 -0.66
NP_647475.1 0.33862 0.43 -0.54
NP_005560.1 0.0841018 0.34 -0.57
NP_055878.1 0.614533 7.29 1.38
NP_001004692.1 0.417927 3.38 0.28
NP_997221.2 0.12062 0 -0.66
NP_001004486.1 0.471413 1.49 -0.25
NP_005540.1 0.640723 9.66 2.04
NP_065828.2 0.338989 2.24 -0.04
NP_002205.1 0.13685 5.48 0.87
NP_699163.2 0.168941 0.91 -0.41
NP_775268.1 0.0903726 3.31 0.26
NP_001004750.1 0.385467 0 -0.66
NP_001004707.1 0.217632 0.06 -0.65
NP_003609.2 0.0829952 3.02 0.18
NP_060220.3 0.59609 2.46 0.03
NP_005772.3 0.0874216 1.27 -0.31
NP_001138.1 0.336776 1.9 -0.13
NP_001004452.1 0.373663 0.94 -0.4
NP_001005515.1 0.239026 2.87 0.14
NP_071417.2 0.47215 2.8 0.12
NP_113602.2 0.0789377 8.69 1.77
NP_060145.3 0.17595 2.3 -0.02
NP_997303.2 0.13685 0 -0.66
NP_002520.2 0.0903726 7.41 1.41
NP_001004483.1 0.362597 0 -0.66
NP_473447.1 0.388049 2.12 -0.07
NP_065842.1 0.0829952 1.33 -0.29
NP_001004684.1 0.490594 1.02 -0.38
NP_001005500.1 0.495758 2.75 0.11
NP_057104.2 0.167835 0.58 -0.5
NP_001712.1 0.0900037 0.29 -0.58
NP_000528.1 0.229436 3.9 0.43
NP_001004737.1 0.179639 0.78 -0.44
NP_115811.2 0.0900037 1.33 -0.29
NP_055433.2 0.309849 1.77 -0.17
NP_001004743.1 0.534489 3.24 0.24
NP_065892.1 0.621542 1.52 -0.24
NP_001560.2 0.0936924 0.8 -0.44
NP_851322.3 0.152342 0.38 -0.56
NP_001005738.1 0.216156 1.64 -0.2
NP_004535.1 0.177425 1.06 -0.37
NP_001104789.1 0.143121 0.77 -0.45
NP_001028217.1 0.25747 0.12 -0.63
NP_001005465.1 0.222427 0.89 -0.41
NP_071442.2 0.203984 0.65 -0.48
NP_001010874.2 0.464035 2.7 0.09
NP_057346.1 0.197713 3.76 0.39
NP_063950.2 0.225009 0.56 -0.51
NP_065947.1 0.550719 1.08 -0.36
NP_058197.2 0.168204 0.49 -0.52
NP_001013372.1 0.389893 3.33 0.27
NP_006282.2 0.356695 2.17 -0.05
NP_851564.1 0.423091 1.95 -0.12
NP_002395.1 0.330136 4.01 0.46
NP_005903.2 0.352637 0.8 -0.44
NP_066969.1 0.331981 0.65 -0.48
NP_008927.1 0.13685 0.09 -0.64
NP_001005495.1 0.18886 1.06 -0.37
NP_110432.1 0.450756 1.4 -0.27
NP_663720.1 0.0818886 4.62 0.63
NP_064505.1 0.497971 0.84 -0.43
NP_003880.3 0.498709 3.3 0.26
NP_001005861.1 0.0866839 1.57 -0.22
NP_000900.1 0.239764 4.73 0.66
NP_115665.1 0.53744 0.48 -0.53
NP_002305.1 0.0852084 3.08 0.2
NP_059129.3 0.10439 9.21 1.91
NP_001004052.1 0.155293 0 -0.66
NP_001004704.1 0.357064 0 -0.66
NP_001004745.1 0.230173 0.17 -0.61
NP_009187.1 0.151973 1.7 -0.19
NP_057624.3 0.210255 0 -0.66
NP_835228.2 0.335669 1.24 -0.32
NP_002707.3 0.658429 4.37 0.56
NP_705932.2 0.119513 3.35 0.28
NP_740746.4 0.428993 3.0 0.18
NP_775897.3 0.125046 3.92 0.43
NP_003822.2 0.127259 0.99 -0.39
NP_036530.1 0.0737735 0.44 -0.54
NP_005294.1 0.400221 0.44 -0.54
NP_057626.2 0.0829952 8.32 1.67
NP_003233.4 0.0833641 2.77 0.11
NP_694979.2 0.184803 1.57 -0.22
NP_003963.1 0.669495 6.59 1.18
NP_689856.6 0.119882 0.35 -0.56
NP_001004462.1 0.510513 0.77 -0.45
NP_110400.1 0.196238 1.76 -0.17
NP_005778.1 0.132792 0 -0.66
NP_061743.1 0.157875 0.53 -0.51
NP_036606.2 0.166359 0.83 -0.43
NP_004712.1 0.0815197 3.13 0.21
NP_002392.2 0.0959056 0.07 -0.64
NP_835361.1 0.102176 0.95 -0.4
NP_036501.2 0.4692 0 -0.66
NP_055040.2 0.657691 1.45 -0.26
NP_543013.1 0.089266 0 -0.66
NP_919231.1 0.121726 1.93 -0.12
NP_056531.1 0.0818886 2.31 -0.02
NP_001004491.1 0.16599 0.94 -0.4
NP_036237.2 0.229436 2.98 0.17
NP_036587.2 0.505717 0.04 -0.65
NP_001004691.1 0.192549 2.21 -0.04
NP_001004724.1 0.462191 1.01 -0.38
NP_001135920.1 0.181483 3.02 0.18
NP_001727.1 0.193287 0.87 -0.42
NP_001001821.1 0.27997 2.24 -0.04
NP_036507.2 0.317595 7.56 1.45
NP_112165.1 0.387311 1.02 -0.38
NP_001001961.1 0.199926 0 -0.66
NP_001001968.1 0.499816 1.52 -0.24
NP_473449.1 0.59277 0 -0.66
NP_005039.1 0.175212 0 -0.66
NP_787052.3 0.141276 0.55 -0.51
NP_005019.2 0.0770933 0.44 -0.54
NP_001129110.1 0.0737735 0.37 -0.56
NP_006284.2 0.0870527 0.18 -0.61
NP_001005278.1 0.212099 0 -0.66
NP_001005470.1 0.492807 1.97 -0.11
NP_036483.2 0.510513 3.77 0.39
NP_079328.3 0.0796754 1.99 -0.11
NP_001004702.1 0.515308 1.47 -0.25
NP_078874.2 0.168204 0.75 -0.45
NP_001004463.1 0.417189 1.18 -0.33
NP_001004490.1 0.131317 2.31 -0.02
NP_001116131.1 0.489487 0.71 -0.46
NP_079469.2 0.490963 1.84 -0.15
NP_003206.2 0.0826263 0 -0.66
NP_060348.1 0.566212 0 -0.66
NP_003941.2 0.216156 1.49 -0.25
NP_009112.1 0.0829952 2.31 -0.02
NP_982288.1 0.207304 0.31 -0.58
NP_001001919.1 0.43637 1.12 -0.35
NP_001005493.1 0.222427 0.93 -0.4
NP_116232.3 0.330136 0 -0.66
NP_003030.1 0.119882 1.04 -0.37
NP_001001659.1 0.413869 0 -0.66
NP_473445.1 0.212099 2.16 -0.06
NP_009130.2 0.091848 1.03 -0.37
NP_001005480.2 0.47879 0 -0.66
NP_006566.2 0.0829952 0.2 -0.61
NP_005363.1 0.0855773 0.22 -0.6
NP_003726.1 0.120251 0 -0.66
NP_002971.2 0.433419 0.46 -0.53
NP_001001915.1 0.445592 0.35 -0.56
NP_005914.1 0.0818886 0 -0.66
NP_000317.1 0.561416 0 -0.66
NP_056933.2 0.59609 0.53 -0.51
NP_005566.2 0.271855 0.03 -0.65
NP_001005193.1 0.421985 0.57 -0.5
NP_001139549.1 0.144227 0.77 -0.45
NP_003373.2 0.240871 2.29 -0.02
NP_002134.2 0.368499 0.74 -0.45
NP_001001953.1 0.516783 0 -0.66
NP_776255.2 0.385467 1.56 -0.23
NP_543135.1 0.50166 0.37 -0.56
NP_001005164.2 0.492438 0 -0.66
NP_001070948.1 0.529325 0 -0.66
NP_002621.1 0.239764 0 -0.66
NP_819056.1 0.091848 0 -0.66
NP_063941.3 0.559572 1.15 -0.34
NP_056190.1 0.0818886 0 -0.66
NP_065956.1 0.596828 1.31 -0.3
NP_003459.2 0.363335 0.64 -0.48
NP_001128618.1 0.36813 0.32 -0.57
NP_001004705.1 0.419771 0.37 -0.56
NP_001001966.1 0.376614 0.75 -0.45
NP_001005499.1 0.20841 0.79 -0.44
NP_776173.3 0.12689 0.49 -0.52
NP_001496.1 0.415345 2.55 0.05
NP_036230.1 0.333456 0.85 -0.42
NP_001062.1 0.164146 1.92 -0.12
NP_036332.2 0.147916 0.01 -0.66
NP_065068.1 0.450018 2.74 0.1
NP_001073327.1 0.17595 1.05 -0.37
NP_612379.2 0.0829952 0.01 -0.66
NP_671736.2 0.331981 0.47 -0.53
NP_000520.1 0.189967 0 -0.66
NP_001005491.1 0.571745 0.77 -0.45
NP_057062.1 0.0900037 0 -0.66
NP_945190.1 0.178532 0.75 -0.45
NP_065203.2 0.38104 1.58 -0.22
NP_001695.1 0.11066 0.31 -0.58
NP_004155.2 0.600516 0.29 -0.58
NP_001061.2 0.169679 0 -0.66
NP_005100.1 0.0888971 0.33 -0.57
NP_005284.2 0.217263 2.36 -0.0
NP_003544.2 0.362966 1.12 -0.35
NP_004221.3 0.355219 0.92 -0.4
NP_115998.2 0.526743 0.46 -0.53
NP_001001922.2 0.167835 0 -0.66
NP_997393.3 0.538178 0.9 -0.41
NP_001001667.1 0.208041 0.1 -0.63
NP_001004703.1 0.219845 0.12 -0.63
NP_001001920.1 0.418296 0 -0.66
NP_003688.1 0.33235 1.86 -0.14
NP_001001957.2 0.515677 0 -0.66
NP_001004738.1 0.185909 0.02 -0.66
NP_001004733.1 0.524899 0.45 -0.54
NP_003812.1 0.0922169 0.92 -0.4
NP_001004735.1 0.475839 1.06 -0.37
NP_001004464.1 0.526743 0 -0.66
NP_001004695.1 0.533751 1.05 -0.37
NP_006310.1 0.552932 1.08 -0.36
NP_056049.4 0.109554 0.38 -0.56
