NP_002224.1 0.0284644 1.85 -0.16
NP_009298.1 0.15206 3.75 -0.01
NP_004324.2 0.18427 0 -0.3
NP_000820.3 0.023221 1.54 -0.18
NP_009125.1 0.146067 0.73 -0.25
NP_899058.1 0.259925 0.75 -0.24
NP_005912.1 0.177528 1.96 -0.15
NP_002515.1 0.179775 67.39 5.0
NP_004963.1 0.161798 1.71 -0.17
NP_005226.1 0.169288 2.42 -0.11
NP_037521.2 0.0629213 0.65 -0.25
NP_000897.3 0.168539 0.54 -0.26
NP_002901.2 0.588764 1.59 -0.18
NP_001097.2 0.167041 1.84 -0.16
NP_036381.2 0.228464 1.1 -0.22
NP_004785.1 0.226217 1.76 -0.16
NP_115785.1 0.1603 1.35 -0.2
NP_000208.2 0.0292135 1.62 -0.18
NP_775268.1 0.183521 1.06 -0.22
NP_000146.2 0.329588 0 -0.3
NP_002749.2 0.250187 1.71 -0.17
NP_001647.1 0.228464 1.64 -0.17
NP_001617.1 0.0749064 1.75 -0.17
NP_778204.1 0.191011 1.48 -0.19
NP_004432.1 0.171536 0.83 -0.24
NP_002679.2 0.182772 1.56 -0.18
NP_001061.2 0.339326 1.48 -0.19
