H00169 25 0.0125439 5 0.0526316 4.19579
H00236 72 0.0361264 7 0.0736842 2.03962
H00595 101 0.0506774 11 0.115789 2.28483
H00596 101 0.0506774 11 0.115789 2.28483
H00597 101 0.0506774 11 0.115789 2.28483
H00598 101 0.0506774 11 0.115789 2.28483
H00639 28 0.0140492 5 0.0526316 3.74623
H01032 41 0.020572 5 0.0526316 2.55841
H01147 46 0.0230808 5 0.0526316 2.28032
H01214 121 0.0607125 12 0.126316 2.08056
H01215 121 0.0607125 12 0.126316 2.08056
H01261 116 0.0582037 12 0.126316 2.17024
H01532 104 0.0521826 10 0.105263 2.0172
H02150 76 0.0381335 8 0.0842105 2.20831
H02154 24 0.0120421 5 0.0526316 4.37063
H02172 91 0.0456598 10 0.105263 2.30538
H02579 21 0.0105369 8 0.0842105 7.99196
H02580 21 0.0105369 8 0.0842105 7.99196
H02618 94 0.0471651 9 0.0947368 2.00862
H03027 44 0.0220773 5 0.0526316 2.38397
H03124 101 0.0506774 11 0.115789 2.28483
H03125 102 0.0511791 10 0.105263 2.05676
H03139 73 0.0366282 9 0.0947368 2.58644
H03146 102 0.0511791 10 0.105263 2.05676
H03149 94 0.0471651 9 0.0947368 2.00862
H03156 92 0.0461616 10 0.105263 2.28032
H03247 36 0.0180632 5 0.0526316 2.91375
H03260 47 0.0235825 5 0.0526316 2.23181
H03267 28 0.0140492 5 0.0526316 3.74623
H03334 37 0.018565 7 0.0736842 3.96898
H03424 52 0.0260913 6 0.0631579 2.42065
H04066 36 0.0180632 5 0.0526316 2.91375
H04193 104 0.0521826 11 0.115789 2.21892
H04194 108 0.0541897 12 0.126316 2.331
H04393 40 0.0200702 5 0.0526316 2.62238
H04461 40 0.0200702 5 0.0526316 2.62238
H04466 15 0.00752634 5 0.0526316 6.99299
H04467 15 0.00752634 5 0.0526316 6.99299
H04540 33 0.016558 5 0.0526316 3.17862
H04541 32 0.0160562 5 0.0526316 3.27796
H04542 34 0.0170597 5 0.0526316 3.08514
H04698 101 0.0506774 11 0.115789 2.28483
H04699 103 0.0516809 11 0.115789 2.24046
H04716 43 0.0215755 5 0.0526316 2.43942
H04727 65 0.0326141 7 0.0736842 2.25927
H04835 15 0.00752634 9 0.0947368 12.5874
H05007 28 0.0140492 5 0.0526316 3.74623
H05121 115 0.057702 11 0.115789 2.00667
H05356 37 0.018565 7 0.0736842 3.96898
H05589 62 0.0311089 6 0.0631579 2.03022
H05942 46 0.0230808 5 0.0526316 2.28032
H06084 24 0.0120421 5 0.0526316 4.37063
H06085 24 0.0120421 5 0.0526316 4.37063
H06146 48 0.0240843 7 0.0736842 3.05943
H06160 28 0.0140492 5 0.0526316 3.74623
H06419 46 0.0230808 6 0.0631579 2.73638
H06476 47 0.0235825 9 0.0947368 4.01725
H06477 50 0.0250878 9 0.0947368 3.77621
H06478 56 0.0280983 9 0.0947368 3.37162
H06629 25 0.0125439 5 0.0526316 4.19579
H06732 38 0.0190667 5 0.0526316 2.76039
H07039 36 0.0180632 5 0.0526316 2.91375
H07203 36 0.0180632 5 0.0526316 2.91375
H07243 51 0.0255896 6 0.0631579 2.46811
H07299 41 0.020572 5 0.0526316 2.55841
H07524 44 0.0220773 6 0.0631579 2.86076
H07770 124 0.0622178 12 0.126316 2.03022
H07792 57 0.0286001 9 0.0947368 3.31246
H07816 38 0.0190667 6 0.0631579 3.31247
H07976 9 0.00451581 5 0.0526316 11.655
H08030 32 0.0160562 5 0.0526316 3.27796
H08151 36 0.0180632 7 0.0736842 4.07924
H08903 21 0.0105369 5 0.0526316 4.99498
H08977 26 0.0130457 6 0.0631579 4.84128
H09052 49 0.0245861 5 0.0526316 2.14071
H09243 25 0.0125439 5 0.0526316 4.19579
H09624 90 0.0451581 9 0.0947368 2.09789
H09654 71 0.0356247 8 0.0842105 2.36382
H09656 94 0.0471651 10 0.105263 2.2318
H09658 108 0.0541897 11 0.115789 2.13673
H09659 93 0.0466633 11 0.115789 2.48137
H09660 49 0.0245861 6 0.0631579 2.56885
H09663 39 0.0195685 5 0.0526316 2.68961
H09718 11 0.00551932 8 0.0842105 15.2574
H09762 19 0.00953337 5 0.0526316 5.52078
H10018 22 0.0110386 8 0.0842105 7.62873
H10500 33 0.016558 7 0.0736842 4.45007
H10694 31 0.0155544 5 0.0526316 3.38371
H10695 31 0.0155544 5 0.0526316 3.38371
H10696 22 0.0110386 8 0.0842105 7.62873
H10800 28 0.0140492 5 0.0526316 3.74623
H10837 132 0.0662318 13 0.136842 2.06611
H10844 49 0.0245861 6 0.0631579 2.56885
H10933 115 0.057702 11 0.115789 2.00667
H11020 10 0.00501756 6 0.0631579 12.5874
H11072 36 0.0180632 5 0.0526316 2.91375
H11153 15 0.00752634 5 0.0526316 6.99299
H11154 21 0.0105369 5 0.0526316 4.99498
H11347 45 0.022579 5 0.0526316 2.331
H11348 45 0.022579 5 0.0526316 2.331
H11349 44 0.0220773 5 0.0526316 2.38397
H11978 51 0.0255896 5 0.0526316 2.05676
H11992 140 0.0702459 14 0.147368 2.09789
H12177 104 0.0521826 12 0.126316 2.42065
H12190 53 0.0265931 8 0.0842105 3.16663
H12191 85 0.0426493 12 0.126316 2.96174
H12222 84 0.0421475 9 0.0947368 2.24774
H12223 125 0.0627195 12 0.126316 2.01398
H12226 55 0.0275966 7 0.0736842 2.67005
H12604 40 0.0200702 5 0.0526316 2.62238
H13280 38 0.0190667 5 0.0526316 2.76039
H13727 121 0.0607125 13 0.136842 2.25393
H14055 12 0.00602107 5 0.0526316 8.74124
H14077 62 0.0311089 11 0.115789 3.72205
H14129 114 0.0572002 12 0.126316 2.20831
H14189 13 0.00652283 5 0.0526316 8.06883
H14202 7 0.00351229 8 0.0842105 23.976
H14245 116 0.0582037 12 0.126316 2.17024
H14246 43 0.0215755 6 0.0631579 2.9273
H14250 128 0.0642248 13 0.136842 2.13067
H14252 73 0.0366282 8 0.0842105 2.29906
H14255 98 0.0491721 10 0.105263 2.14071
H14278 17 0.00852985 7 0.0736842 8.63839
H14619 19 0.00953337 5 0.0526316 5.52078
H14620 19 0.00953337 5 0.0526316 5.52078
H14652 8 0.00401405 5 0.0526316 13.1118
H14653 3 0.00150527 5 0.0526316 34.9649
H14678 20 0.0100351 9 0.0947368 9.44054
H14679 7 0.00351229 9 0.0947368 26.9729
H14773 22 0.0110386 5 0.0526316 4.76796
H15020 35 0.0175615 5 0.0526316 2.99699
H15876 19 0.00953337 6 0.0631579 6.62493
H16043 55 0.0275966 6 0.0631579 2.28861
H16044 38 0.0190667 5 0.0526316 2.76039
H16045 55 0.0275966 6 0.0631579 2.28861
H16046 88 0.0441545 9 0.0947368 2.14558
H16094 166 0.0832915 16 0.168421 2.02207
H16138 84 0.0421475 11 0.115789 2.74723
H16166 19 0.00953337 6 0.0631579 6.62493
H16297 132 0.0662318 13 0.136842 2.06611
H16587 87 0.0436528 9 0.0947368 2.17023
H16590 124 0.0622178 14 0.147368 2.36858
H16607 41 0.020572 6 0.0631579 3.07009
H16609 51 0.0255896 7 0.0736842 2.87946
H16611 47 0.0235825 9 0.0947368 4.01725
H16613 113 0.0566984 12 0.126316 2.22786
H16616 32 0.0160562 6 0.0631579 3.93355
H16617 143 0.0717511 14 0.147368 2.05388
H16626 98 0.0491721 10 0.105263 2.14071
H16628 108 0.0541897 11 0.115789 2.13673
H16643 108 0.0541897 11 0.115789 2.13673
H16644 93 0.0466633 9 0.0947368 2.03022
H16662 38 0.0190667 5 0.0526316 2.76039
H16663 39 0.0195685 5 0.0526316 2.68961
H16664 39 0.0195685 5 0.0526316 2.68961
H16699 60 0.0301054 8 0.0842105 2.79719
H16702 62 0.0311089 6 0.0631579 2.03022
H16706 120 0.0602107 13 0.136842 2.27272
H16734 37 0.018565 5 0.0526316 2.83499
H16735 96 0.0481686 11 0.115789 2.40383
H16736 55 0.0275966 6 0.0631579 2.28861
H16737 71 0.0356247 9 0.0947368 2.6593
H16796 38 0.0190667 6 0.0631579 3.31247
H16797 38 0.0190667 6 0.0631579 3.31247
H16862 12 0.00602107 5 0.0526316 8.74124
H16875 53 0.0265931 6 0.0631579 2.37497
H16876 53 0.0265931 6 0.0631579 2.37497
H16883 34 0.0170597 5 0.0526316 3.08514
H16884 43 0.0215755 5 0.0526316 2.43942
H16885 34 0.0170597 5 0.0526316 3.08514
H16891 37 0.018565 5 0.0526316 2.83499
H16892 34 0.0170597 5 0.0526316 3.08514
H16893 35 0.0175615 5 0.0526316 2.99699
H16894 35 0.0175615 5 0.0526316 2.99699
H17124 15 0.00752634 5 0.0526316 6.99299
H17125 12 0.00602107 5 0.0526316 8.74124
H17156 34 0.0170597 5 0.0526316 3.08514
H17233 38 0.0190667 5 0.0526316 2.76039
H17433 65 0.0326141 7 0.0736842 2.25927
H17721 88 0.0441545 9 0.0947368 2.14558
H17722 81 0.0406422 9 0.0947368 2.331
H17723 79 0.0396387 9 0.0947368 2.39001
H18122 48 0.0240843 6 0.0631579 2.62237
H18156 50 0.0250878 10 0.105263 4.19578
H18364 17 0.00852985 5 0.0526316 6.17028
H18365 17 0.00852985 5 0.0526316 6.17028
H18378 9 0.00451581 5 0.0526316 11.655
H18404 44 0.0220773 8 0.0842105 3.81435
H18405 44 0.0220773 8 0.0842105 3.81435
H18420 45 0.022579 6 0.0631579 2.7972
H18452 20 0.0100351 8 0.0842105 8.3916
H18665 89 0.0446563 12 0.126316 2.82863
H18667 96 0.0481686 11 0.115789 2.40383
H18672 86 0.043151 11 0.115789 2.68334
H18673 83 0.0416458 8 0.0842105 2.02206
H18674 90 0.0451581 9 0.0947368 2.09789
H18753 96 0.0481686 11 0.115789 2.40383
H18774 38 0.0190667 7 0.0736842 3.86455
H18835 20 0.0100351 6 0.0631579 6.2937
H18929 55 0.0275966 8 0.0842105 3.05148
H18930 41 0.020572 5 0.0526316 2.55841
H19013 44 0.0220773 5 0.0526316 2.38397
H19116 45 0.022579 6 0.0631579 2.7972
H19369 110 0.0551932 12 0.126316 2.28862
H19383 12 0.00602107 5 0.0526316 8.74124
H19427 28 0.0140492 5 0.0526316 3.74623
H19821 127 0.063723 13 0.136842 2.14745
H19822 123 0.061716 13 0.136842 2.21729
H19823 131 0.0657301 13 0.136842 2.08188
H19868 109 0.0546914 11 0.115789 2.11713
H19869 109 0.0546914 11 0.115789 2.11713
H19976 100 0.0501756 11 0.115789 2.30768
H19979 81 0.0406422 8 0.0842105 2.072
H19981 92 0.0461616 10 0.105263 2.28032
H20011 80 0.0401405 8 0.0842105 2.09789
H20059 90 0.0451581 11 0.115789 2.56408
H20061 122 0.0612142 14 0.147368 2.40742
H20402 46 0.0230808 5 0.0526316 2.28032
H20475 46 0.0230808 5 0.0526316 2.28032
H20476 47 0.0235825 5 0.0526316 2.23181
H20971 8 0.00401405 8 0.0842105 20.9789
H21239 24 0.0120421 6 0.0631579 5.24476
H21446 27 0.0135474 5 0.0526316 3.885
H21754 35 0.0175615 5 0.0526316 2.99699
H21914 58 0.0291019 6 0.0631579 2.17023
H22262 13 0.00652283 5 0.0526316 8.06883
H22374 42 0.0210738 5 0.0526316 2.49749
H22424 40 0.0200702 5 0.0526316 2.62238
H22425 40 0.0200702 5 0.0526316 2.62238
H22682 21 0.0105369 5 0.0526316 4.99498
H22683 36 0.0180632 5 0.0526316 2.91375
H22684 36 0.0180632 5 0.0526316 2.91375
H22685 36 0.0180632 5 0.0526316 2.91375
H22686 21 0.0105369 5 0.0526316 4.99498
H22687 36 0.0180632 5 0.0526316 2.91375
H22688 36 0.0180632 5 0.0526316 2.91375
H22689 36 0.0180632 5 0.0526316 2.91375
H22791 39 0.0195685 6 0.0631579 3.22753
H22792 42 0.0210738 6 0.0631579 2.99699
H22793 43 0.0215755 6 0.0631579 2.9273
H22794 37 0.018565 6 0.0631579 3.40199
H22795 34 0.0170597 5 0.0526316 3.08514
H23044 100 0.0501756 10 0.105263 2.09789
H23127 49 0.0245861 5 0.0526316 2.14071
H23167 11 0.00551932 5 0.0526316 9.53588
H23210 112 0.0561967 12 0.126316 2.24775
H23212 113 0.0566984 12 0.126316 2.22786
H23222 45 0.022579 5 0.0526316 2.331
H23344 20 0.0100351 5 0.0526316 5.24475
H23419 37 0.018565 6 0.0631579 3.40199
H23420 39 0.0195685 7 0.0736842 3.76545
H23421 43 0.0215755 8 0.0842105 3.90306
H23422 39 0.0195685 6 0.0631579 3.22753
H23529 45 0.022579 7 0.0736842 3.2634
H23530 45 0.022579 7 0.0736842 3.2634
H23531 45 0.022579 7 0.0736842 3.2634
H24010 37 0.018565 5 0.0526316 2.83499
H24071 26 0.0130457 5 0.0526316 4.0344
H24073 28 0.0140492 5 0.0526316 3.74623
H24374 52 0.0260913 7 0.0736842 2.82409
H24387 75 0.0376317 8 0.0842105 2.23775
H24426 35 0.0175615 6 0.0631579 3.59638
H24427 33 0.016558 6 0.0631579 3.81434
H24428 33 0.016558 6 0.0631579 3.81434
H24429 33 0.016558 6 0.0631579 3.81434
H24430 31 0.0155544 6 0.0631579 4.06045
H24431 13 0.00652283 7 0.0736842 11.2964
H24540 31 0.0155544 5 0.0526316 3.38371
H24541 29 0.0145509 5 0.0526316 3.61707
H24814 45 0.022579 7 0.0736842 3.2634
H25027 64 0.0321124 8 0.0842105 2.62237
H25469 63 0.0316106 11 0.115789 3.66298
H25470 81 0.0406422 9 0.0947368 2.331
H25582 8 0.00401405 5 0.0526316 13.1118
H25665 62 0.0311089 6 0.0631579 2.03022
H25683 93 0.0466633 10 0.105263 2.2558
H25690 85 0.0426493 10 0.105263 2.46811
H25717 40 0.0200702 5 0.0526316 2.62238
H25925 31 0.0155544 5 0.0526316 3.38371
H25938 103 0.0516809 10 0.105263 2.03679
H25939 90 0.0451581 10 0.105263 2.33099
H25940 91 0.0456598 10 0.105263 2.30538
H25942 86 0.043151 9 0.0947368 2.19547
H25947 10 0.00501756 5 0.0526316 10.4895
H25966 103 0.0516809 11 0.115789 2.24046
H25968 86 0.043151 9 0.0947368 2.19547
H25972 136 0.0682388 14 0.147368 2.15959
H25993 100 0.0501756 13 0.136842 2.72726
H26280 44 0.0220773 5 0.0526316 2.38397
H26675 9 0.00451581 5 0.0526316 11.655
H26820 59 0.0296036 7 0.0736842 2.48903
H27023 23 0.0115404 5 0.0526316 4.56064
H27049 106 0.0531862 11 0.115789 2.17705
H27050 106 0.0531862 11 0.115789 2.17705
H27220 47 0.0235825 5 0.0526316 2.23181
H27241 44 0.0220773 5 0.0526316 2.38397
H27326 94 0.0471651 11 0.115789 2.45497
H27717 100 0.0501756 10 0.105263 2.09789
H28105 116 0.0582037 12 0.126316 2.17024
H28164 13 0.00652283 8 0.0842105 12.9101
H28609 28 0.0140492 5 0.0526316 3.74623
H28853 11 0.00551932 5 0.0526316 9.53588
H28882 23 0.0115404 5 0.0526316 4.56064
H28920 59 0.0296036 6 0.0631579 2.13345
H28922 60 0.0301054 6 0.0631579 2.09789
H29034 41 0.020572 5 0.0526316 2.55841
H29361 110 0.0551932 13 0.136842 2.47933
H29954 44 0.0220773 5 0.0526316 2.38397
H29955 44 0.0220773 5 0.0526316 2.38397
H30573 35 0.0175615 5 0.0526316 2.99699
H30632 36 0.0180632 6 0.0631579 3.4965
H30746 88 0.0441545 10 0.105263 2.38397
H31215 54 0.0270948 6 0.0631579 2.331
H31493 34 0.0170597 5 0.0526316 3.08514
H31562 29 0.0145509 7 0.0736842 5.06389
H31649 26 0.0130457 8 0.0842105 6.45504
H31752 33 0.016558 5 0.0526316 3.17862
H31777 7 0.00351229 8 0.0842105 23.976
H31856 85 0.0426493 9 0.0947368 2.2213
H32003 8 0.00401405 8 0.0842105 20.9789
H32707 34 0.0170597 5 0.0526316 3.08514
H32848 26 0.0130457 8 0.0842105 6.45504
H32984 7 0.00351229 8 0.0842105 23.976
H33197 8 0.00401405 8 0.0842105 20.9789
H33291 27 0.0135474 5 0.0526316 3.885
H33360 31 0.0155544 5 0.0526316 3.38371
