H00004 125 0.062751 14 0.145833 2.32399
H00005 127 0.063755 14 0.145833 2.2874
H00125 25 0.0125502 17 0.177083 14.11
H00127 62 0.0311245 11 0.114583 3.68144
H00169 23 0.0115462 7 0.0729167 6.31521
H00185 41 0.0205823 7 0.0729167 3.54269
H00303 64 0.0321285 15 0.15625 4.86328
H00322 21 0.0105422 5 0.0520833 4.94046
H00500 39 0.0195783 6 0.0625 3.19231
H00501 25 0.0125502 6 0.0625 4.98
H00554 14 0.00702811 10 0.104167 14.8215
H00595 99 0.0496988 13 0.135417 2.72475
H00596 99 0.0496988 13 0.135417 2.72475
H00597 99 0.0496988 13 0.135417 2.72475
H00598 99 0.0496988 13 0.135417 2.72475
H00647 41 0.0205823 7 0.0729167 3.54269
H00825 32 0.0160643 5 0.0520833 3.24218
H00854 49 0.0245984 5 0.0520833 2.11735
H00884 94 0.0471888 24 0.25 5.29787
H01027 25 0.0125502 6 0.0625 4.98
H01028 24 0.0120482 9 0.09375 7.78125
H01029 12 0.0060241 8 0.0833333 13.8333
H01031 31 0.0155622 11 0.114583 7.3629
H01032 33 0.0165663 13 0.135417 8.17425
H01069 19 0.00953815 5 0.0520833 5.46052
H01075 17 0.00853414 6 0.0625 7.32353
H01196 15 0.00753012 5 0.0520833 6.91666
H01210 126 0.063253 16 0.166667 2.63493
H01211 117 0.0587349 16 0.166667 2.83761
H01212 106 0.0532129 11 0.114583 2.15329
H01213 114 0.0572289 17 0.177083 3.09429
H01214 115 0.0577309 18 0.1875 3.24783
H01215 115 0.0577309 18 0.1875 3.24783
H01216 108 0.0542169 13 0.135417 2.49769
H01258 60 0.0301205 14 0.145833 4.84165
H01261 114 0.0572289 14 0.145833 2.54824
H01281 83 0.0416667 11 0.114583 2.74999
H01356 38 0.0190763 6 0.0625 3.27632
H01417 92 0.0461847 10 0.104167 2.25544
H01510 56 0.0281124 24 0.25 8.89287
H01525 29 0.0145582 5 0.0520833 3.57759
H01532 96 0.0481928 18 0.1875 3.89062
H01765 32 0.0160643 19 0.197917 12.3203
H01774 64 0.0321285 9 0.09375 2.91797
H02092 41 0.0205823 8 0.0833333 4.04878
H02144 64 0.0321285 9 0.09375 2.91797
H02145 73 0.0366466 10 0.104167 2.84247
H02146 95 0.0476908 10 0.104167 2.18422
H02147 114 0.0572289 12 0.125 2.18421
H02150 75 0.0376506 9 0.09375 2.49
H02154 22 0.0110442 7 0.0729167 6.60226
H02157 71 0.0356426 9 0.09375 2.63028
H02171 105 0.0527108 14 0.145833 2.76666
H02172 83 0.0416667 18 0.1875 4.5
H02173 122 0.061245 17 0.177083 2.89139
H02181 26 0.0130522 5 0.0520833 3.99038
H02188 17 0.00853414 5 0.0520833 6.10293
H02194 17 0.00853414 5 0.0520833 6.10293
H02205 27 0.0135542 10 0.104167 7.68522
H02255 35 0.0175703 10 0.104167 5.92858
H02256 36 0.0180723 10 0.104167 5.7639
H02257 36 0.0180723 10 0.104167 5.7639
H02258 36 0.0180723 10 0.104167 5.7639
H02259 37 0.0185743 10 0.104167 5.60813
H02260 33 0.0165663 10 0.104167 6.28789
H02261 36 0.0180723 10 0.104167 5.7639
H02262 34 0.0170683 10 0.104167 6.10295
H02263 36 0.0180723 10 0.104167 5.7639
H02264 35 0.0175703 10 0.104167 5.92858
H02265 34 0.0170683 10 0.104167 6.10295
H02266 32 0.0160643 10 0.104167 6.48438
H02267 35 0.0175703 10 0.104167 5.92858
H02268 32 0.0160643 10 0.104167 6.48438
H02269 35 0.0175703 10 0.104167 5.92858
H02329 8 0.00401606 5 0.0520833 12.9688
H02422 128 0.064257 17 0.177083 2.75586
H02555 14 0.00702811 6 0.0625 8.89286
H02579 17 0.00853414 12 0.125 14.6471
H02580 17 0.00853414 12 0.125 14.6471
H02618 93 0.0466867 10 0.104167 2.23119
H02645 78 0.0391566 11 0.114583 2.92628
H02646 76 0.0381526 11 0.114583 3.00328
H02845 22 0.0110442 6 0.0625 5.65908
H02846 23 0.0115462 6 0.0625 5.41304
H02847 23 0.0115462 6 0.0625 5.41304
H02848 23 0.0115462 6 0.0625 5.41304
H02859 72 0.0361446 7 0.0729167 2.01736
H03027 43 0.0215863 6 0.0625 2.89535
H03116 154 0.0773092 17 0.177083 2.29058
H03117 85 0.0426707 14 0.145833 3.41764
H03120 111 0.0557229 12 0.125 2.24324
H03121 71 0.0356426 15 0.15625 4.3838
H03124 93 0.0466867 19 0.197917 4.23926
H03125 95 0.0476908 17 0.177083 3.71315
H03126 98 0.0491968 18 0.1875 3.81122
H03128 70 0.0351406 13 0.135417 3.85358
H03129 109 0.0547189 12 0.125 2.2844
H03133 100 0.0502008 15 0.15625 3.1125
H03134 104 0.0522088 15 0.15625 2.99279
H03135 29 0.0145582 8 0.0833333 5.72415
H03139 68 0.0341365 14 0.145833 4.27205
H03140 91 0.0456827 16 0.166667 3.64836
H03141 58 0.0291165 6 0.0625 2.14655
H03142 107 0.0537149 12 0.125 2.3271
H03146 91 0.0456827 21 0.21875 4.78846
H03147 132 0.0662651 15 0.15625 2.35795
H03149 84 0.0421687 19 0.197917 4.69346
H03150 87 0.0436747 14 0.145833 3.33907
H03151 136 0.0682731 16 0.166667 2.44118
H03152 111 0.0557229 15 0.15625 2.80405
H03154 66 0.0331325 12 0.125 3.77273
H03156 86 0.0431727 16 0.166667 3.86047
H03247 26 0.0130522 15 0.15625 11.9712
H03260 37 0.0185743 15 0.15625 8.41216
H03334 36 0.0180723 8 0.0833333 4.61111
H03424 45 0.0225904 13 0.135417 5.99445
H03446 18 0.00903614 8 0.0833333 9.22222
H03490 74 0.0371486 23 0.239583 6.44931
H03491 75 0.0376506 23 0.239583 6.36332
H03492 74 0.0371486 23 0.239583 6.44931
H03493 75 0.0376506 23 0.239583 6.36332
H03497 95 0.0476908 24 0.25 5.2421
H03505 46 0.0230924 6 0.0625 2.70652
H03506 46 0.0230924 6 0.0625 2.70652
H03835 44 0.0220884 15 0.15625 7.07385
H03939 53 0.0266064 7 0.0729167 2.74057
H04066 22 0.0110442 19 0.197917 17.9204
H04115 82 0.0411647 14 0.145833 3.54267
H04133 25 0.0125502 6 0.0625 4.98
H04150 96 0.0481928 14 0.145833 3.02603
H04193 102 0.0512048 13 0.135417 2.64462
H04194 106 0.0532129 14 0.145833 2.74056
H04195 98 0.0491968 10 0.104167 2.11735
H04196 102 0.0512048 11 0.114583 2.23774
H04205 35 0.0175703 10 0.104167 5.92858
H04352 83 0.0416667 17 0.177083 4.24999
H04393 36 0.0180723 9 0.09375 5.1875
H04461 39 0.0195783 6 0.0625 3.19231
H04466 13 0.0065261 7 0.0729167 11.1731
H04467 13 0.0065261 7 0.0729167 11.1731
H04497 18 0.00903614 5 0.0520833 5.76389
H04511 82 0.0411647 15 0.15625 3.79573
H04594 115 0.0577309 18 0.1875 3.24783
H04698 101 0.0507028 11 0.114583 2.25989
H04699 103 0.0517068 11 0.114583 2.21601
H04712 31 0.0155622 5 0.0520833 3.34678
H04713 31 0.0155622 5 0.0520833 3.34678
H04716 41 0.0205823 7 0.0729167 3.54269
H04793 21 0.0105422 6 0.0625 5.92855
H04835 17 0.00853414 7 0.0729167 8.54412
H04868 19 0.00953815 5 0.0520833 5.46052
H05081 26 0.0130522 7 0.0729167 5.58654
H05121 112 0.0562249 14 0.145833 2.59374
H05230 38 0.0190763 5 0.0520833 2.73026
H05292 6 0.00301205 6 0.0625 20.75
H05297 13 0.0065261 5 0.0520833 7.98077
H05298 45 0.0225904 6 0.0625 2.76666
H05299 8 0.00401606 6 0.0625 15.5625
H05311 22 0.0110442 5 0.0520833 4.7159
H05324 35 0.0175703 9 0.09375 5.33571
H05325 38 0.0190763 11 0.114583 6.00656
H05335 103 0.0517068 11 0.114583 2.21601
H05356 36 0.0180723 8 0.0833333 4.61111
H05502 98 0.0491968 11 0.114583 2.32907
H05503 96 0.0481928 10 0.104167 2.16146
H05504 96 0.0481928 10 0.104167 2.16146
H05505 98 0.0491968 11 0.114583 2.32907
H05576 16 0.00803213 5 0.0520833 6.48437
H05660 56 0.0281124 6 0.0625 2.22322
H05678 34 0.0170683 6 0.0625 3.66176
H05774 64 0.0321285 10 0.104167 3.2422
H05775 64 0.0321285 10 0.104167 3.2422
H05890 17 0.00853414 5 0.0520833 6.10293
H05933 128 0.064257 15 0.15625 2.43164
H05937 122 0.061245 18 0.1875 3.06147
H05941 102 0.0512048 11 0.114583 2.23774
H06084 17 0.00853414 12 0.125 14.6471
H06085 17 0.00853414 12 0.125 14.6471
H06086 14 0.00702811 6 0.0625 8.89286
H06141 43 0.0215863 5 0.0520833 2.41279
H06146 39 0.0195783 16 0.166667 8.51284
H06149 93 0.0466867 18 0.1875 4.01613
H06155 37 0.0185743 8 0.0833333 4.48648
H06160 28 0.0140562 5 0.0520833 3.70536
H06317 41 0.0205823 7 0.0729167 3.54269
H06318 41 0.0205823 7 0.0729167 3.54269
H06319 31 0.0155622 8 0.0833333 5.35485
H06320 44 0.0220884 7 0.0729167 3.30113
H06408 122 0.061245 13 0.135417 2.21107
H06419 44 0.0220884 8 0.0833333 3.77272
H06476 35 0.0175703 21 0.21875 12.45
H06477 38 0.0190763 21 0.21875 11.4671
H06478 44 0.0220884 21 0.21875 9.90339
H06541 15 0.00753012 5 0.0520833 6.91666
H06560 112 0.0562249 16 0.166667 2.96429
H06629 23 0.0115462 7 0.0729167 6.31521
H06649 37 0.0185743 7 0.0729167 3.92568
H06732 28 0.0140562 15 0.15625 11.1161
H06889 110 0.0552209 20 0.208333 3.77272
H06904 15 0.00753012 6 0.0625 8.3
H06962 131 0.0657631 17 0.177083 2.69274
H07039 36 0.0180723 5 0.0520833 2.88194
H07203 31 0.0155622 10 0.104167 6.69359
H07236 28 0.0140562 9 0.09375 6.66965
H07243 45 0.0225904 12 0.125 5.53332
H07248 30 0.0150602 6 0.0625 4.15001
H07299 40 0.0200803 6 0.0625 3.1125
H07355 39 0.0195783 5 0.0520833 2.66026
H07520 117 0.0587349 13 0.135417 2.30556
H07524 37 0.0185743 13 0.135417 7.29056
H07525 23 0.0115462 8 0.0833333 7.21738
H07526 23 0.0115462 8 0.0833333 7.21738
H07650 41 0.0205823 7 0.0729167 3.54269
H07770 124 0.062249 12 0.125 2.00806
H07775 89 0.0446787 22 0.229167 5.12922
H07776 53 0.0266064 24 0.25 9.39624
H07787 108 0.0542169 20 0.208333 3.84258
H07792 55 0.0276104 11 0.114583 4.14999
H07816 29 0.0145582 15 0.15625 10.7328
H07854 104 0.0522088 11 0.114583 2.19471
H07855 52 0.0261044 6 0.0625 2.39423
H07900 62 0.0311245 13 0.135417 4.35082
H07932 40 0.0200803 5 0.0520833 2.59375
H07976 9 0.00451807 5 0.0520833 11.5278
H08030 27 0.0135542 10 0.104167 7.68522
H08092 92 0.0461847 9 0.09375 2.02989
H08117 76 0.0381526 22 0.229167 6.00659
H08119 45 0.0225904 5 0.0520833 2.30555
H08121 27 0.0135542 5 0.0520833 3.84259
H08150 17 0.00853414 8 0.0833333 9.7647
H08151 25 0.0125502 18 0.1875 14.94
H08161 84 0.0421687 11 0.114583 2.71725
H08257 90 0.0451807 24 0.25 5.53334
H08258 91 0.0456827 24 0.25 5.47253
H08322 9 0.00451807 5 0.0520833 11.5278
H08323 56 0.0281124 7 0.0729167 2.59376
H08326 56 0.0281124 7 0.0729167 2.59376
H08369 26 0.0130522 7 0.0729167 5.58654
H08370 30 0.0150602 7 0.0729167 4.84168
H08459 87 0.0436747 9 0.09375 2.14655
H08514 7 0.00351406 7 0.0729167 20.75
H08778 62 0.0311245 13 0.135417 4.35082
H08941 83 0.0416667 22 0.229167 5.5
H08942 83 0.0416667 22 0.229167 5.5
H08943 83 0.0416667 22 0.229167 5.5
H08944 83 0.0416667 22 0.229167 5.5
H08945 83 0.0416667 22 0.229167 5.5
H08946 83 0.0416667 22 0.229167 5.5
H08947 84 0.0421687 22 0.229167 5.43453
H08977 24 0.0120482 8 0.0833333 6.91666
H09062 6 0.00301205 5 0.0520833 17.2916
H09119 58 0.0291165 7 0.0729167 2.50431
H09141 33 0.0165663 9 0.09375 5.65908
H09243 23 0.0115462 7 0.0729167 6.31521
H09248 22 0.0110442 6 0.0625 5.65908
H09345 157 0.0788153 19 0.197917 2.51115
H09357 127 0.063755 14 0.145833 2.2874
H09624 83 0.0416667 16 0.166667 4
H09650 120 0.060241 17 0.177083 2.93958
H09651 102 0.0512048 14 0.145833 2.84803
H09654 69 0.0346386 10 0.104167 3.00725
H09655 156 0.0783133 18 0.1875 2.39423
H09656 87 0.0436747 17 0.177083 4.05459
H09658 99 0.0496988 20 0.208333 4.19191
H09659 88 0.0441767 16 0.166667 3.77274
H09660 46 0.0230924 9 0.09375 4.05978
H09663 35 0.0175703 9 0.09375 5.33571
H09710 6 0.00301205 5 0.0520833 17.2916
H09718 12 0.0060241 7 0.0729167 12.1042
H09876 9 0.00451807 5 0.0520833 11.5278
H09937 24 0.0120482 7 0.0729167 6.05208
H09938 33 0.0165663 8 0.0833333 5.03029
H10018 23 0.0115462 7 0.0729167 6.31521
H10225 16 0.00803213 6 0.0625 7.78125
H10302 95 0.0476908 24 0.25 5.2421
H10318 100 0.0502008 25 0.260417 5.18751
H10361 39 0.0195783 13 0.135417 6.91669
H10364 102 0.0512048 11 0.114583 2.23774
H10365 96 0.0481928 11 0.114583 2.3776
H10366 106 0.0532129 11 0.114583 2.15329
H10367 106 0.0532129 11 0.114583 2.15329
H10368 106 0.0532129 11 0.114583 2.15329
H10369 106 0.0532129 11 0.114583 2.15329
H10500 32 0.0160643 8 0.0833333 5.18748
H10520 5 0.00251004 5 0.0520833 20.75
H10558 41 0.0205823 7 0.0729167 3.54269
H10670 83 0.0416667 21 0.21875 5.25
H10692 160 0.0803213 17 0.177083 2.20468
H10694 27 0.0135542 9 0.09375 6.91668
H10695 27 0.0135542 9 0.09375 6.91668
H10696 23 0.0115462 7 0.0729167 6.31521
H10763 17 0.00853414 7 0.0729167 8.54412
H10764 17 0.00853414 7 0.0729167 8.54412
H10765 17 0.00853414 7 0.0729167 8.54412
H10766 17 0.00853414 7 0.0729167 8.54412
H10799 32 0.0160643 6 0.0625 3.89061
H10800 24 0.0120482 9 0.09375 7.78125
H10837 129 0.064759 16 0.166667 2.57365
H10875 130 0.065261 15 0.15625 2.39423
H10932 179 0.0898594 19 0.197917 2.20252
H10933 108 0.0542169 18 0.1875 3.45833
H10934 104 0.0522088 15 0.15625 2.99279
H10935 104 0.0522088 15 0.15625 2.99279
H10984 25 0.0125502 5 0.0520833 4.15
H10985 25 0.0125502 5 0.0520833 4.15
H11057 49 0.0245984 21 0.21875 8.89285
H11111 18 0.00903614 5 0.0520833 5.76389
H11113 16 0.00803213 11 0.114583 14.2656
H11153 13 0.0065261 7 0.0729167 11.1731
H11154 19 0.00953815 7 0.0729167 7.64474
H11206 15 0.00753012 5 0.0520833 6.91666
H11484 112 0.0562249 20 0.208333 3.70535
H11485 114 0.0572289 20 0.208333 3.64035
H11525 44 0.0220884 8 0.0833333 3.77272
H11621 23 0.0115462 7 0.0729167 6.31521
H11622 23 0.0115462 7 0.0729167 6.31521
H11631 37 0.0185743 5 0.0520833 2.80405
H11679 61 0.0306225 6 0.0625 2.04098
H11741 34 0.0170683 5 0.0520833 3.05146
H11742 38 0.0190763 5 0.0520833 2.73026
H11750 48 0.0240964 5 0.0520833 2.16146
H11893 20 0.0100402 6 0.0625 6.22498
H11978 48 0.0240964 8 0.0833333 3.45833
H11992 138 0.0692771 16 0.166667 2.4058
H12177 95 0.0476908 21 0.21875 4.58684
H12190 46 0.0230924 15 0.15625 6.7663
H12191 84 0.0421687 13 0.135417 3.21132
H12194 72 0.0361446 8 0.0833333 2.30555
H12216 117 0.0587349 14 0.145833 2.4829
H12217 106 0.0532129 13 0.135417 2.54482
H12219 32 0.0160643 8 0.0833333 5.18748
H12221 103 0.0517068 15 0.15625 3.02185
H12222 78 0.0391566 15 0.15625 3.99039
H12223 119 0.059739 18 0.1875 3.13865
H12226 52 0.0261044 10 0.104167 3.9904
H12521 73 0.0366466 13 0.135417 3.69521
H12522 83 0.0416667 13 0.135417 3.25001
H12852 9 0.00451807 6 0.0625 13.8333
H12925 69 0.0346386 17 0.177083 5.1123
H12973 71 0.0356426 7 0.0729167 2.04577
H12995 41 0.0205823 7 0.0729167 3.54269
H12996 41 0.0205823 7 0.0729167 3.54269
H12997 41 0.0205823 7 0.0729167 3.54269
H12998 41 0.0205823 7 0.0729167 3.54269
H12999 41 0.0205823 7 0.0729167 3.54269
H13280 28 0.0140562 15 0.15625 11.1161
H13498 10 0.00502008 5 0.0520833 10.375
H13555 41 0.0205823 5 0.0520833 2.53049
H13605 47 0.0235944 6 0.0625 2.64893
H13606 47 0.0235944 6 0.0625 2.64893
H13607 47 0.0235944 6 0.0625 2.64893
H13725 125 0.062751 15 0.15625 2.49
H13727 115 0.0577309 19 0.197917 3.42827
H13756 59 0.0296185 7 0.0729167 2.46186
H13767 43 0.0215863 5 0.0520833 2.41279
H13790 28 0.0140562 8 0.0833333 5.92858
H13857 79 0.0396586 22 0.229167 5.77849
H13858 49 0.0245984 6 0.0625 2.54082
H13940 117 0.0587349 18 0.1875 3.19231
H14049 6 0.00301205 5 0.0520833 17.2916
H14050 6 0.00301205 5 0.0520833 17.2916
H14051 91 0.0456827 24 0.25 5.47253
H14077 59 0.0296185 14 0.145833 4.92371
H14078 118 0.0592369 12 0.125 2.11017
H14079 68 0.0341365 7 0.0729167 2.13603
H14080 129 0.064759 13 0.135417 2.09109
H14127 86 0.0431727 11 0.114583 2.65406
H14128 85 0.0426707 11 0.114583 2.68529
H14129 109 0.0547189 17 0.177083 3.23623
H14202 8 0.00401606 7 0.0729167 18.1563
H14242 103 0.0517068 17 0.177083 3.42475
H14243 165 0.0828313 16 0.166667 2.01213
H14244 98 0.0491968 16 0.166667 3.38776
H14245 106 0.0532129 22 0.229167 4.30661
H14248 60 0.0301205 8 0.0833333 2.76666
H14250 124 0.062249 17 0.177083 2.84475
H14251 127 0.063755 17 0.177083 2.77755
H14252 67 0.0336345 14 0.145833 4.33582
H14253 97 0.0486948 15 0.15625 3.20876
H14255 92 0.0461847 16 0.166667 3.60871
H14262 139 0.0697791 15 0.15625 2.23921
H14277 14 0.00702811 5 0.0520833 7.41071
H14278 13 0.0065261 11 0.114583 17.5577
H14285 35 0.0175703 6 0.0625 3.55714
H14290 120 0.060241 22 0.229167 3.80417
H14382 16 0.00803213 5 0.0520833 6.48437
H14568 45 0.0225904 10 0.104167 4.61112
H14586 34 0.0170683 10 0.104167 6.10295
H14619 17 0.00853414 7 0.0729167 8.54412
H14620 17 0.00853414 7 0.0729167 8.54412
H14652 8 0.00401606 5 0.0520833 12.9688
H14653 3 0.00150602 5 0.0520833 34.5834
H14678 22 0.0110442 7 0.0729167 6.60226
H14679 9 0.00451807 7 0.0729167 16.1389
H14895 87 0.0436747 18 0.1875 4.2931
H14896 87 0.0436747 18 0.1875 4.2931
H14897 87 0.0436747 18 0.1875 4.2931
H15020 25 0.0125502 15 0.15625 12.45
H15218 16 0.00803213 5 0.0520833 6.48437
H15304 34 0.0170683 5 0.0520833 3.05146
H15305 34 0.0170683 5 0.0520833 3.05146
H15306 33 0.0165663 6 0.0625 3.77272
H15350 109 0.0547189 12 0.125 2.2844
H15421 112 0.0562249 20 0.208333 3.70535
H15439 163 0.0818273 17 0.177083 2.16411
H15440 29 0.0145582 10 0.104167 7.15521
H15549 56 0.0281124 6 0.0625 2.22322
H15583 62 0.0311245 6 0.0625 2.00806
H15614 89 0.0446787 23 0.239583 5.36235
H15616 62 0.0311245 13 0.135417 4.35082
H15620 70 0.0351406 13 0.135417 3.85358
H15876 17 0.00853414 8 0.0833333 9.7647
H16043 42 0.0210843 19 0.197917 9.38694
H16044 29 0.0145582 14 0.145833 10.0172
H16045 42 0.0210843 19 0.197917 9.38694
H16046 83 0.0416667 14 0.145833 3.49999
H16070 139 0.0697791 16 0.166667 2.38849
H16073 83 0.0416667 10 0.104167 2.50001
H16083 95 0.0476908 11 0.114583 2.40262
H16091 76 0.0381526 12 0.125 3.27632
H16094 163 0.0818273 19 0.197917 2.41872
H16102 124 0.062249 16 0.166667 2.67742
H16127 102 0.0512048 12 0.125 2.44118
H16133 73 0.0366466 10 0.104167 2.84247
H16134 45 0.0225904 5 0.0520833 2.30555
H16135 107 0.0537149 11 0.114583 2.13317
H16138 81 0.0406627 14 0.145833 3.58641
H16140 137 0.0687751 22 0.229167 3.33212
H16166 19 0.00953815 6 0.0625 6.55263
H16171 106 0.0532129 16 0.166667 3.13208
H16172 152 0.0763052 18 0.1875 2.45724
H16173 115 0.0577309 18 0.1875 3.24783
H16186 95 0.0476908 11 0.114583 2.40262
H16187 97 0.0486948 10 0.104167 2.13918
H16285 35 0.0175703 10 0.104167 5.92858
H16296 148 0.0742972 15 0.15625 2.10304
H16297 130 0.065261 15 0.15625 2.39423
H16322 23 0.0115462 5 0.0520833 4.51086
H16327 134 0.0672691 14 0.145833 2.1679
H16328 140 0.0702811 14 0.145833 2.075
H16369 21 0.0105422 7 0.0729167 6.91665
H16517 23 0.0115462 6 0.0625 5.41304
H16518 23 0.0115462 6 0.0625 5.41304
H16587 81 0.0406627 15 0.15625 3.84259
H16588 79 0.0396586 15 0.15625 3.93988
H16589 138 0.0692771 15 0.15625 2.25544
H16590 115 0.0577309 23 0.239583 4.15
H16591 120 0.060241 22 0.229167 3.80417
H16604 138 0.0692771 17 0.177083 2.55615
H16605 112 0.0562249 16 0.166667 2.96429
H16607 38 0.0190763 9 0.09375 4.91448
H16609 45 0.0225904 13 0.135417 5.99445
H16610 163 0.0818273 16 0.166667 2.03681
H16611 43 0.0215863 13 0.135417 6.27328
H16612 70 0.0351406 10 0.104167 2.96429
H16613 105 0.0527108 20 0.208333 3.95238
H16616 29 0.0145582 9 0.09375 6.43967
H16617 136 0.0682731 21 0.21875 3.20404
H16618 143 0.0717871 18 0.1875 2.61189
H16619 112 0.0562249 13 0.135417 2.40849
H16620 132 0.0662651 14 0.145833 2.20075
H16625 99 0.0496988 14 0.145833 2.93434
H16626 86 0.0431727 22 0.229167 5.30815
H16627 79 0.0396586 9 0.09375 2.36393
H16628 101 0.0507028 18 0.1875 3.69802
H16631 59 0.0296185 11 0.114583 3.86863
H16636 32 0.0160643 7 0.0729167 4.53905
H16638 80 0.0401606 12 0.125 3.1125
H16643 100 0.0502008 19 0.197917 3.94251
H16644 86 0.0431727 16 0.166667 3.86047
H16650 85 0.0426707 12 0.125 2.92941
H16654 184 0.0923695 19 0.197917 2.14267
H16699 51 0.0256024 17 0.177083 6.91666
H16700 172 0.0863454 18 0.1875 2.17151
H16701 59 0.0296185 6 0.0625 2.11017
H16702 61 0.0306225 7 0.0729167 2.38115
H16703 117 0.0587349 12 0.125 2.12821
H16706 111 0.0557229 22 0.229167 4.11262
H16734 33 0.0165663 9 0.09375 5.65908
H16735 89 0.0446787 18 0.1875 4.19663
H16736 52 0.0261044 9 0.09375 3.59135
H16737 69 0.0346386 11 0.114583 3.30796
H16767 14 0.00702811 5 0.0520833 7.41071
H16796 31 0.0155622 13 0.135417 8.70166
H16797 31 0.0155622 13 0.135417 8.70166
H16862 10 0.00502008 7 0.0729167 14.525
H16883 24 0.0120482 15 0.15625 12.9687
H16884 33 0.0165663 15 0.15625 9.4318
H16885 24 0.0120482 15 0.15625 12.9687
H16891 27 0.0135542 15 0.15625 11.5278
H16892 24 0.0120482 15 0.15625 12.9687
H16893 25 0.0125502 15 0.15625 12.45
H16894 25 0.0125502 15 0.15625 12.45
H16938 27 0.0135542 5 0.0520833 3.84259
H16942 6 0.00301205 5 0.0520833 17.2916
H17061 27 0.0135542 6 0.0625 4.61112
H17124 13 0.0065261 7 0.0729167 11.1731
H17125 10 0.00502008 7 0.0729167 14.525
H17165 150 0.0753012 15 0.15625 2.075
H17233 38 0.0190763 5 0.0520833 2.73026
H17238 113 0.0567269 13 0.135417 2.38717
H17239 117 0.0587349 13 0.135417 2.30556
H17240 117 0.0587349 13 0.135417 2.30556
H17241 117 0.0587349 13 0.135417 2.30556
H17276 35 0.0175703 5 0.0520833 2.96428
H17277 37 0.0185743 5 0.0520833 2.80405
H17431 110 0.0552209 25 0.260417 4.71591
H17518 110 0.0552209 20 0.208333 3.77272
H17519 110 0.0552209 20 0.208333 3.77272
H17520 109 0.0547189 20 0.208333 3.80733
H17521 109 0.0547189 20 0.208333 3.80733
H17522 109 0.0547189 20 0.208333 3.80733
H17544 15 0.00753012 5 0.0520833 6.91666
H17545 15 0.00753012 5 0.0520833 6.91666
H17714 70 0.0351406 12 0.125 3.55714
H17715 114 0.0572289 11 0.114583 2.00219
H17717 138 0.0692771 14 0.145833 2.10507
H17719 114 0.0572289 14 0.145833 2.54824
H17721 80 0.0401606 17 0.177083 4.40937
H17722 76 0.0381526 14 0.145833 3.82236
H17723 73 0.0366466 15 0.15625 4.2637
H17724 125 0.062751 15 0.15625 2.49
H17728 111 0.0557229 11 0.114583 2.0563
H17729 91 0.0456827 14 0.145833 3.1923
H17730 90 0.0451807 12 0.125 2.76667
H17731 91 0.0456827 16 0.166667 3.64836
H17734 78 0.0391566 8 0.0833333 2.12821
H17736 104 0.0522088 12 0.125 2.39423
H17737 72 0.0361446 9 0.09375 2.59375
H17738 73 0.0366466 10 0.104167 2.84247
H17931 21 0.0105422 5 0.0520833 4.94046
H18027 41 0.0205823 7 0.0729167 3.54269
H18048 53 0.0266064 12 0.125 4.69812
H18115 114 0.0572289 14 0.145833 2.54824
H18116 73 0.0366466 8 0.0833333 2.27397
H18118 100 0.0502008 11 0.114583 2.28249
H18122 48 0.0240964 6 0.0625 2.59375
H18130 90 0.0451807 10 0.104167 2.30556
H18131 103 0.0517068 14 0.145833 2.82038
H18133 96 0.0481928 13 0.135417 2.8099
H18156 38 0.0190763 22 0.229167 12.0132
H18308 22 0.0110442 5 0.0520833 4.7159
H18309 22 0.0110442 5 0.0520833 4.7159
H18310 22 0.0110442 5 0.0520833 4.7159
H18378 7 0.00351406 7 0.0729167 20.75
H18404 36 0.0180723 16 0.166667 9.22224
H18405 36 0.0180723 16 0.166667 9.22224
H18420 40 0.0200803 11 0.114583 5.70624
H18452 22 0.0110442 6 0.0625 5.65908
H18485 31 0.0155622 5 0.0520833 3.34678
H18528 43 0.0215863 5 0.0520833 2.41279
H18541 2 0.00100402 5 0.0520833 51.8748
H18542 2 0.00100402 5 0.0520833 51.8748
H18585 93 0.0466867 18 0.1875 4.01613
H18586 14 0.00702811 5 0.0520833 7.41071
H18587 12 0.0060241 5 0.0520833 8.64582
H18662 57 0.0286145 8 0.0833333 2.91228
H18663 170 0.0853414 18 0.1875 2.19706
H18665 86 0.0431727 15 0.15625 3.61919
H18667 94 0.0471888 13 0.135417 2.86969
H18672 83 0.0416667 14 0.145833 3.49999
H18673 81 0.0406627 10 0.104167 2.56173
H18674 84 0.0421687 15 0.15625 3.70535
H18675 72 0.0361446 11 0.114583 3.17013
H18774 37 0.0185743 8 0.0833333 4.48648
H18815 30 0.0150602 5 0.0520833 3.45834
H18835 18 0.00903614 8 0.0833333 9.22222
H18876 27 0.0135542 11 0.114583 8.45369
H18929 44 0.0220884 19 0.197917 8.96022
H18930 30 0.0150602 16 0.166667 11.0667
H19011 19 0.00953815 8 0.0833333 8.73684
H19013 35 0.0175703 14 0.145833 8.29997
H19116 40 0.0200803 11 0.114583 5.70624
H19383 10 0.00502008 7 0.0729167 14.525
H19635 8 0.00401606 6 0.0625 15.5625
H19712 87 0.0436747 9 0.09375 2.14655
H19713 90 0.0451807 9 0.09375 2.075
H19714 90 0.0451807 9 0.09375 2.075
H19821 125 0.062751 15 0.15625 2.49
H19822 120 0.060241 16 0.166667 2.76667
H19823 128 0.064257 16 0.166667 2.59376
H19868 106 0.0532129 14 0.145833 2.74056
H19869 106 0.0532129 14 0.145833 2.74056
H19954 19 0.00953815 7 0.0729167 7.64474
H19965 61 0.0306225 11 0.114583 3.74179
H19971 70 0.0351406 14 0.145833 4.14999
H19973 100 0.0502008 18 0.1875 3.735
H19975 160 0.0803213 16 0.166667 2.075
H19976 93 0.0466867 18 0.1875 4.01613
H19978 120 0.060241 12 0.125 2.075
H19979 76 0.0381526 13 0.135417 3.54935
H19980 95 0.0476908 11 0.114583 2.40262
H19981 86 0.0431727 16 0.166667 3.86047
H20011 75 0.0376506 13 0.135417 3.59668
H20025 18 0.00903614 6 0.0625 6.91667
H20059 88 0.0441767 13 0.135417 3.06535
H20061 112 0.0562249 24 0.25 4.44643
H20174 91 0.0456827 10 0.104167 2.28023
H20393 105 0.0527108 13 0.135417 2.56906
H20402 36 0.0180723 15 0.15625 8.64583
H20434 10 0.00502008 6 0.0625 12.45
H20435 10 0.00502008 6 0.0625 12.45
H20436 28 0.0140562 5 0.0520833 3.70536
H20475 36 0.0180723 15 0.15625 8.64583
H20476 37 0.0185743 15 0.15625 8.41216
H20504 79 0.0396586 24 0.25 6.3038
H20505 79 0.0396586 24 0.25 6.3038
H20506 80 0.0401606 24 0.25 6.22501
H20507 79 0.0396586 24 0.25 6.3038
H20508 81 0.0406627 24 0.25 6.14814
H20509 81 0.0406627 24 0.25 6.14814
H20546 14 0.00702811 5 0.0520833 7.41071
H20547 14 0.00702811 5 0.0520833 7.41071
H20548 14 0.00702811 5 0.0520833 7.41071
H20594 22 0.0110442 6 0.0625 5.65908
H20707 24 0.0120482 6 0.0625 5.1875
H20708 20 0.0100402 6 0.0625 6.22498
H20709 25 0.0125502 6 0.0625 4.98
H20909 48 0.0240964 8 0.0833333 3.45833
H20971 9 0.00451807 7 0.0729167 16.1389
H21073 102 0.0512048 11 0.114583 2.23774
H21232 70 0.0351406 17 0.177083 5.03927
H21239 22 0.0110442 8 0.0833333 7.54544
H21364 49 0.0245984 7 0.0729167 2.96429
H21365 45 0.0225904 6 0.0625 2.76666
H21367 42 0.0210843 5 0.0520833 2.47024
H21387 76 0.0381526 23 0.239583 6.2796
H21423 47 0.0235944 5 0.0520833 2.20744
H21446 25 0.0125502 7 0.0729167 5.81
H21633 42 0.0210843 8 0.0833333 3.95239
H21754 25 0.0125502 15 0.15625 12.45
H21763 6 0.00301205 5 0.0520833 17.2916
H21764 5 0.00251004 5 0.0520833 20.75
H21813 11 0.00552209 7 0.0729167 13.2045
H21825 14 0.00702811 6 0.0625 8.89286
H21827 12 0.0060241 6 0.0625 10.375
H21828 12 0.0060241 6 0.0625 10.375
H21875 39 0.0195783 5 0.0520833 2.66026
H21914 46 0.0230924 18 0.1875 8.11955
H21937 41 0.0205823 6 0.0625 3.03659
H22089 118 0.0592369 20 0.208333 3.51695
H22262 11 0.00552209 7 0.0729167 13.2045
H22279 30 0.0150602 9 0.09375 6.22502
H22292 16 0.00803213 9 0.09375 11.6719
H22293 147 0.0737952 19 0.197917 2.68198
H22373 30 0.0150602 5 0.0520833 3.45834
H22374 42 0.0210843 5 0.0520833 2.47024
H22375 32 0.0160643 5 0.0520833 3.24218
H22376 29 0.0145582 5 0.0520833 3.57759
H22377 29 0.0145582 5 0.0520833 3.57759
H22424 39 0.0195783 6 0.0625 3.19231
H22425 39 0.0195783 6 0.0625 3.19231
H22428 48 0.0240964 6 0.0625 2.59375
H22452 63 0.0316265 12 0.125 3.95238
H22468 24 0.0120482 6 0.0625 5.1875
H22521 16 0.00803213 5 0.0520833 6.48437
H22523 22 0.0110442 12 0.125 11.3182
H22666 5 0.00251004 6 0.0625 24.9
H22682 21 0.0105422 5 0.0520833 4.94046
H22683 31 0.0155622 10 0.104167 6.69359
H22684 31 0.0155622 10 0.104167 6.69359
H22685 31 0.0155622 10 0.104167 6.69359
H22686 21 0.0105422 5 0.0520833 4.94046
H22687 31 0.0155622 10 0.104167 6.69359
H22688 31 0.0155622 10 0.104167 6.69359
H22689 31 0.0155622 10 0.104167 6.69359
H22690 20 0.0100402 6 0.0625 6.22498
H22791 29 0.0145582 16 0.166667 11.4483
H22792 32 0.0160643 16 0.166667 10.375
H22793 33 0.0165663 16 0.166667 10.0606
H22794 27 0.0135542 16 0.166667 12.2963
H22795 24 0.0120482 15 0.15625 12.9687
H23000 15 0.00753012 5 0.0520833 6.91666
H23034 25 0.0125502 5 0.0520833 4.15
H23044 95 0.0476908 15 0.15625 3.27631
H23124 186 0.0933735 19 0.197917 2.11963
H23167 9 0.00451807 7 0.0729167 16.1389
H23202 92 0.0461847 17 0.177083 3.83424
H23203 130 0.065261 19 0.197917 3.0327
H23206 97 0.0486948 16 0.166667 3.42269
H23207 78 0.0391566 10 0.104167 2.66027
H23210 105 0.0527108 19 0.197917 3.75477
H23211 80 0.0401606 13 0.135417 3.37189
H23212 105 0.0527108 20 0.208333 3.95238
H23222 37 0.0185743 13 0.135417 7.29056
H23223 34 0.0170683 12 0.125 7.32352
H23224 35 0.0175703 12 0.125 7.11428
H23225 34 0.0170683 12 0.125 7.32352
H23256 18 0.00903614 6 0.0625 6.91667
H23344 19 0.00953815 6 0.0625 6.55263
H23354 54 0.0271084 7 0.0729167 2.68982
H23419 26 0.0130522 17 0.177083 13.5673
H23420 29 0.0145582 17 0.177083 12.1638
H23421 33 0.0165663 18 0.1875 11.3182
H23422 28 0.0140562 17 0.177083 12.5982
H23494 65 0.0326305 8 0.0833333 2.55385
H23529 38 0.0190763 14 0.145833 7.64472
H23530 38 0.0190763 14 0.145833 7.64472
H23531 38 0.0190763 14 0.145833 7.64472
H23541 109 0.0547189 12 0.125 2.2844
H23605 18 0.00903614 5 0.0520833 5.76389
H23941 11 0.00552209 5 0.0520833 9.43181
H23943 11 0.00552209 5 0.0520833 9.43181
H23944 10 0.00502008 5 0.0520833 10.375
H23947 27 0.0135542 7 0.0729167 5.37964
H24191 149 0.0747992 15 0.15625 2.08893
H24192 31 0.0155622 5 0.0520833 3.34678
H24223 100 0.0502008 17 0.177083 3.52749
H24229 37 0.0185743 12 0.125 6.72973
H24374 49 0.0245984 10 0.104167 4.23471
H24387 73 0.0366466 10 0.104167 2.84247
H24388 68 0.0341365 12 0.125 3.66177
H24426 33 0.0165663 8 0.0833333 5.03029
H24427 32 0.0160643 7 0.0729167 4.53905
H24428 32 0.0160643 7 0.0729167 4.53905
H24429 32 0.0160643 7 0.0729167 4.53905
H24430 30 0.0150602 7 0.0729167 4.84168
H24431 13 0.0065261 7 0.0729167 11.1731
H24540 29 0.0145582 7 0.0729167 5.00863
H24541 27 0.0135542 7 0.0729167 5.37964
H24683 90 0.0451807 12 0.125 2.76667
H24814 41 0.0205823 11 0.114583 5.56706
H25027 55 0.0276104 17 0.177083 6.41363
H25213 45 0.0225904 21 0.21875 9.68332
H25220 127 0.063755 21 0.21875 3.4311
H25313 75 0.0376506 11 0.114583 3.04332
H25361 17 0.00853414 11 0.114583 13.4264
H25469 56 0.0281124 18 0.1875 6.66965
H25470 76 0.0381526 14 0.145833 3.82236
H25582 8 0.00401606 5 0.0520833 12.9688
H25683 85 0.0426707 18 0.1875 4.39412
H25684 114 0.0572289 13 0.135417 2.36623
H25689 99 0.0496988 21 0.21875 4.40151
H25690 83 0.0416667 12 0.125 3
H25717 30 0.0150602 15 0.15625 10.375
H25726 72 0.0361446 8 0.0833333 2.30555
H25779 16 0.00803213 5 0.0520833 6.48437
H25916 141 0.0707831 17 0.177083 2.50177
H25925 26 0.0130522 10 0.104167 7.9808
H25931 39 0.0195783 5 0.0520833 2.66026
H25938 94 0.0471888 19 0.197917 4.19415
H25939 83 0.0416667 17 0.177083 4.24999
H25940 84 0.0421687 17 0.177083 4.19939
H25941 102 0.0512048 14 0.145833 2.84803
H25942 78 0.0391566 17 0.177083 4.52243
H25966 95 0.0476908 19 0.197917 4.15
H25968 81 0.0406627 14 0.145833 3.58641
H25972 130 0.065261 20 0.208333 3.1923
H25993 101 0.0507028 12 0.125 2.46535
H26114 110 0.0552209 13 0.135417 2.45228
H26258 101 0.0507028 13 0.135417 2.6708
H26280 43 0.0215863 6 0.0625 2.89535
H26321 95 0.0476908 24 0.25 5.2421
H26604 48 0.0240964 5 0.0520833 2.16146
H26622 32 0.0160643 7 0.0729167 4.53905
H26675 7 0.00351406 7 0.0729167 20.75
H26792 79 0.0396586 24 0.25 6.3038
H26820 51 0.0256024 15 0.15625 6.10294
H26950 2 0.00100402 5 0.0520833 51.8748
H27023 21 0.0105422 7 0.0729167 6.91665
H27049 105 0.0527108 12 0.125 2.37143
H27050 105 0.0527108 12 0.125 2.37143
H27064 110 0.0552209 20 0.208333 3.77272
H27111 87 0.0436747 12 0.125 2.86207
H27220 37 0.0185743 15 0.15625 8.41216
H27233 37 0.0185743 15 0.15625 8.41216
H27241 43 0.0215863 6 0.0625 2.89535
H27326 86 0.0431727 19 0.197917 4.58431
H27444 10 0.00502008 5 0.0520833 10.375
H27483 37 0.0185743 5 0.0520833 2.80405
H27566 156 0.0783133 17 0.177083 2.26121
H27644 13 0.0065261 6 0.0625 9.57693
H27667 13 0.0065261 6 0.0625 9.57693
H27717 95 0.0476908 15 0.15625 3.27631
H27885 39 0.0195783 5 0.0520833 2.66026
H27929 71 0.0356426 7 0.0729167 2.04577
H27930 71 0.0356426 7 0.0729167 2.04577
H27932 71 0.0356426 7 0.0729167 2.04577
H27933 71 0.0356426 7 0.0729167 2.04577
H28050 69 0.0346386 15 0.15625 4.51086
H28105 107 0.0537149 21 0.21875 4.07243
H28164 14 0.00702811 7 0.0729167 10.375
H28593 98 0.0491968 18 0.1875 3.81122
H28594 98 0.0491968 18 0.1875 3.81122
H28688 58 0.0291165 15 0.15625 5.36637
H28711 21 0.0105422 6 0.0625 5.92855
H28814 95 0.0476908 11 0.114583 2.40262
H28853 9 0.00451807 7 0.0729167 16.1389
H28920 59 0.0296185 6 0.0625 2.11017
H28921 64 0.0321285 7 0.0729167 2.26953
H28922 60 0.0301205 6 0.0625 2.075
H28929 37 0.0185743 9 0.09375 5.0473
H29034 41 0.0205823 5 0.0520833 2.53049
H29354 98 0.0491968 22 0.229167 4.65817
H29360 26 0.0130522 9 0.09375 7.1827
H29361 107 0.0537149 16 0.166667 3.10281
H29363 64 0.0321285 7 0.0729167 2.26953
H29364 64 0.0321285 7 0.0729167 2.26953
H29365 64 0.0321285 7 0.0729167 2.26953
H29490 124 0.062249 12 0.125 2.00806
H29523 43 0.0215863 5 0.0520833 2.41279
H29524 39 0.0195783 5 0.0520833 2.66026
H29525 35 0.0175703 5 0.0520833 2.96428
H29527 43 0.0215863 5 0.0520833 2.41279
H29529 51 0.0256024 5 0.0520833 2.03431
H29530 51 0.0256024 5 0.0520833 2.03431
H29531 43 0.0215863 5 0.0520833 2.41279
H29590 29 0.0145582 8 0.0833333 5.72415
H29596 30 0.0150602 20 0.208333 13.8333
H29626 14 0.00702811 13 0.135417 19.2679
H29745 22 0.0110442 10 0.104167 9.43183
H29954 30 0.0150602 19 0.197917 13.1417
H29955 30 0.0150602 19 0.197917 13.1417
H30077 110 0.0552209 12 0.125 2.26364
H30276 17 0.00853414 5 0.0520833 6.10293
H30277 17 0.00853414 5 0.0520833 6.10293
H30278 17 0.00853414 5 0.0520833 6.10293
H30306 13 0.0065261 6 0.0625 9.57693
H30461 66 0.0331325 17 0.177083 5.34469
H30476 100 0.0502008 12 0.125 2.49
H30494 13 0.0065261 5 0.0520833 7.98077
H30573 34 0.0170683 6 0.0625 3.66176
H30632 29 0.0145582 13 0.135417 9.30177
H30652 11 0.00552209 5 0.0520833 9.43181
H30746 79 0.0396586 19 0.197917 4.99052
H30759 69 0.0346386 7 0.0729167 2.10507
H30760 69 0.0346386 8 0.0833333 2.40579
H30832 30 0.0150602 5 0.0520833 3.45834
H31215 53 0.0266064 7 0.0729167 2.74057
H31395 22 0.0110442 12 0.125 11.3182
H31493 24 0.0120482 15 0.15625 12.9687
H31562 28 0.0140562 8 0.0833333 5.92858
H31649 27 0.0135542 7 0.0729167 5.37964
H31777 8 0.00401606 7 0.0729167 18.1563
H31856 82 0.0411647 12 0.125 3.03658
H31903 124 0.062249 13 0.135417 2.17541
H32001 21 0.0105422 6 0.0625 5.92855
H32003 9 0.00451807 7 0.0729167 16.1389
H32074 23 0.0115462 6 0.0625 5.41304
H32589 22 0.0110442 12 0.125 11.3182
H32707 24 0.0120482 15 0.15625 12.9687
H32848 27 0.0135542 7 0.0729167 5.37964
H32964 32 0.0160643 6 0.0625 3.89061
H32984 8 0.00401606 7 0.0729167 18.1563
H33197 9 0.00451807 7 0.0729167 16.1389
H33200 10 0.00502008 5 0.0520833 10.375
H33360 26 0.0130522 10 0.104167 7.9808
H33583 51 0.0256024 14 0.145833 5.69607
