H00038 27 0.0134663 6 0.0722892 5.36816
H00125 34 0.0169576 8 0.0963855 5.68391
H00127 66 0.0329177 7 0.0843373 2.56207
H00169 25 0.0124688 5 0.060241 4.83134
H00185 43 0.0214464 5 0.060241 2.80891
H00208 67 0.0334165 6 0.0722892 2.16328
H00303 68 0.0339152 11 0.13253 3.90769
H00500 40 0.0199501 5 0.060241 3.01958
H00566 67 0.0334165 6 0.0722892 2.16328
H00567 70 0.0349127 6 0.0722892 2.07057
H00595 102 0.0508728 10 0.120482 2.3683
H00596 102 0.0508728 10 0.120482 2.3683
H00597 102 0.0508728 10 0.120482 2.3683
H00598 102 0.0508728 10 0.120482 2.3683
H00647 43 0.0214464 5 0.060241 2.80891
H00825 32 0.0159601 5 0.060241 3.77448
H00854 49 0.0244389 5 0.060241 2.46496
H00884 107 0.0533666 11 0.13253 2.48339
H00912 51 0.0254364 5 0.060241 2.3683
H00913 51 0.0254364 5 0.060241 2.3683
H00923 27 0.0134663 5 0.060241 4.47346
H01001 31 0.0154613 5 0.060241 3.89624
H01002 29 0.0144638 5 0.060241 4.16495
H01027 26 0.0129676 5 0.060241 4.6455
H01028 27 0.0134663 6 0.0722892 5.36816
H01029 14 0.00698254 6 0.0722892 10.3529
H01030 12 0.00598504 5 0.060241 10.0653
H01031 34 0.0169576 8 0.0963855 5.68391
H01032 37 0.0184539 9 0.108434 5.87594
H01136 65 0.032419 6 0.0722892 2.22984
H01147 46 0.0229426 5 0.060241 2.62573
H01245 32 0.0159601 5 0.060241 3.77448
H01257 96 0.0478803 9 0.108434 2.26469
H01258 64 0.0319202 10 0.120482 3.77448
H01261 118 0.0588529 10 0.120482 2.04717
H01281 84 0.0418953 10 0.120482 2.87579
H01356 39 0.0194514 5 0.060241 3.097
H01417 94 0.0468828 8 0.0963855 2.05588
H01510 67 0.0334165 13 0.156627 4.68712
H01532 102 0.0508728 12 0.144578 2.84195
H01713 58 0.0289277 7 0.0843373 2.91545
H01765 44 0.0219451 7 0.0843373 3.8431
H01774 67 0.0334165 6 0.0722892 2.16328
H01821 19 0.00947631 5 0.060241 6.35701
H01904 53 0.0264339 5 0.060241 2.27893
H01905 51 0.0254364 5 0.060241 2.3683
H01950 26 0.0129676 5 0.060241 4.6455
H02092 43 0.0214464 6 0.0722892 3.37069
H02093 42 0.0209476 5 0.060241 2.87579
H02144 64 0.0319202 9 0.108434 3.39703
H02145 75 0.0374065 8 0.0963855 2.5767
H02150 76 0.0379052 8 0.0963855 2.5428
H02157 73 0.036409 7 0.0843373 2.31639
H02171 106 0.0528678 13 0.156627 2.96262
H02172 88 0.0438903 13 0.156627 3.5686
H02173 127 0.0633416 12 0.144578 2.28251
H02186 46 0.0229426 5 0.060241 2.62573
H02205 31 0.0154613 6 0.0722892 4.67549
H02222 71 0.0354115 6 0.0722892 2.0414
H02248 51 0.0254364 5 0.060241 2.3683
H02255 37 0.0184539 8 0.0963855 5.22304
H02256 38 0.0189526 8 0.0963855 5.08561
H02257 38 0.0189526 8 0.0963855 5.08561
H02258 38 0.0189526 8 0.0963855 5.08561
H02259 39 0.0194514 8 0.0963855 4.9552
H02260 35 0.0174564 8 0.0963855 5.5215
H02261 38 0.0189526 8 0.0963855 5.08561
H02262 36 0.0179551 8 0.0963855 5.36814
H02263 38 0.0189526 8 0.0963855 5.08561
H02264 37 0.0184539 8 0.0963855 5.22304
H02265 36 0.0179551 8 0.0963855 5.36814
H02266 34 0.0169576 8 0.0963855 5.68391
H02267 37 0.0184539 8 0.0963855 5.22304
H02268 34 0.0169576 8 0.0963855 5.68391
H02269 37 0.0184539 8 0.0963855 5.22304
H02334 35 0.0174564 5 0.060241 3.45094
H02369 21 0.0104738 7 0.0843373 8.05222
H02618 95 0.0473815 8 0.0963855 2.03424
H02622 58 0.0289277 5 0.060241 2.08247
H02645 82 0.0408978 7 0.0843373 2.06215
H02646 80 0.0399002 7 0.0843373 2.11371
H03117 90 0.0448878 9 0.108434 2.41567
H03121 76 0.0379052 10 0.120482 3.17851
H03124 98 0.0488778 14 0.168675 3.45095
H03125 100 0.0498753 12 0.144578 2.89879
H03126 105 0.0523691 11 0.13253 2.53069
H03128 73 0.036409 10 0.120482 3.30913
H03129 111 0.0553616 10 0.120482 2.17627
H03133 105 0.0523691 10 0.120482 2.30063
H03135 31 0.0154613 6 0.0722892 4.67549
H03139 71 0.0354115 11 0.13253 3.74257
H03140 95 0.0473815 12 0.144578 3.05136
H03142 108 0.0538653 11 0.13253 2.4604
H03146 100 0.0498753 12 0.144578 2.89879
H03149 92 0.0458853 11 0.13253 2.88829
H03150 91 0.0453865 10 0.120482 2.65458
H03152 113 0.0563591 13 0.156627 2.77909
H03154 69 0.034414 9 0.108434 3.15087
H03156 90 0.0448878 12 0.144578 3.22088
H03201 51 0.0254364 5 0.060241 2.3683
H03247 34 0.0169576 7 0.0843373 4.97342
H03260 45 0.0224439 7 0.0843373 3.75769
H03334 39 0.0194514 5 0.060241 3.097
H03424 47 0.0234414 11 0.13253 5.65367
H03446 21 0.0104738 5 0.060241 5.75159
H03490 86 0.0428928 11 0.13253 3.0898
H03491 87 0.0433915 11 0.13253 3.05428
H03492 86 0.0428928 11 0.13253 3.0898
H03493 87 0.0433915 11 0.13253 3.05428
H03497 108 0.0538653 11 0.13253 2.4604
H03505 47 0.0234414 5 0.060241 2.56986
H03506 47 0.0234414 5 0.060241 2.56986
H03674 104 0.0518703 11 0.13253 2.55503
H03724 53 0.0264339 5 0.060241 2.27893
H03769 46 0.0229426 5 0.060241 2.62573
H03770 32 0.0159601 5 0.060241 3.77448
H03818 28 0.0139651 5 0.060241 4.31368
H03819 28 0.0139651 5 0.060241 4.31368
H03822 25 0.0124688 5 0.060241 4.83134
H03823 25 0.0124688 5 0.060241 4.83134
H03824 25 0.0124688 5 0.060241 4.83134
H03835 52 0.0259352 7 0.0843373 3.25185
H03864 21 0.0104738 5 0.060241 5.75159
H03939 53 0.0264339 7 0.0843373 3.1905
H04055 34 0.0169576 6 0.0722892 4.26294
H04066 32 0.0159601 9 0.108434 6.79407
H04115 87 0.0433915 9 0.108434 2.49897
H04133 25 0.0124688 6 0.0722892 5.79761
H04150 99 0.0493766 11 0.13253 2.68406
H04193 105 0.0523691 10 0.120482 2.30063
H04194 109 0.0543641 11 0.13253 2.43782
H04205 40 0.0199501 5 0.060241 3.01958
H04352 91 0.0453865 9 0.108434 2.38912
H04466 14 0.00698254 6 0.0722892 10.3529
H04467 14 0.00698254 6 0.0722892 10.3529
H04511 89 0.044389 8 0.0963855 2.17138
H04540 33 0.0164589 5 0.060241 3.66009
H04541 32 0.0159601 5 0.060241 3.77448
H04542 34 0.0169576 5 0.060241 3.55245
H04698 103 0.0513716 9 0.108434 2.11078
H04699 105 0.0523691 9 0.108434 2.07057
H04712 29 0.0144638 7 0.0843373 5.83092
H04713 29 0.0144638 7 0.0843373 5.83092
H04716 42 0.0209476 6 0.0722892 3.45095
H04727 65 0.032419 7 0.0843373 2.60148
H04756 16 0.00798005 5 0.060241 7.54895
H04835 15 0.0074813 9 0.108434 14.494
H04899 31 0.0154613 8 0.0963855 6.23398
H04979 22 0.0109726 5 0.060241 5.49013
H05036 34 0.0169576 5 0.060241 3.55245
H05081 27 0.0134663 6 0.0722892 5.36816
H05121 115 0.0573566 11 0.13253 2.31063
H05230 38 0.0189526 5 0.060241 3.17851
H05299 9 0.00448878 5 0.060241 13.4204
H05324 38 0.0189526 6 0.0722892 3.81421
H05325 42 0.0209476 7 0.0843373 4.02611
H05566 29 0.0144638 5 0.060241 4.16495
H05619 6 0.00299252 5 0.060241 20.1305
H05622 5 0.00249377 5 0.060241 24.1566
H05660 55 0.0274314 7 0.0843373 3.07448
H05915 22 0.0109726 5 0.060241 5.49013
H05936 91 0.0453865 8 0.0963855 2.12366
H05937 128 0.0638404 12 0.144578 2.26468
H05942 46 0.0229426 5 0.060241 2.62573
H06004 58 0.0289277 5 0.060241 2.08247
H06022 33 0.0164589 5 0.060241 3.66009
H06057 53 0.0264339 5 0.060241 2.27893
H06072 51 0.0254364 5 0.060241 2.3683
H06073 51 0.0254364 5 0.060241 2.3683
H06084 23 0.0114713 6 0.0722892 6.30174
H06085 23 0.0114713 6 0.0722892 6.30174
H06146 47 0.0234414 8 0.0963855 4.11176
H06149 100 0.0498753 11 0.13253 2.65723
H06155 40 0.0199501 5 0.060241 3.01958
H06317 43 0.0214464 5 0.060241 2.80891
H06318 43 0.0214464 5 0.060241 2.80891
H06319 33 0.0164589 6 0.0722892 4.3921
H06320 46 0.0229426 5 0.060241 2.62573
H06476 46 0.0229426 10 0.120482 5.25145
H06477 49 0.0244389 10 0.120482 4.92993
H06478 55 0.0274314 10 0.120482 4.39212
H06560 118 0.0588529 10 0.120482 2.04717
H06649 39 0.0194514 5 0.060241 3.097
H06732 36 0.0179551 7 0.0843373 4.69712
H06941 56 0.0279302 5 0.060241 2.15684
H07039 35 0.0174564 6 0.0722892 4.14113
H07203 31 0.0154613 10 0.120482 7.79249
H07234 14 0.00698254 5 0.060241 8.62738
H07236 29 0.0144638 8 0.0963855 6.66391
H07243 49 0.0244389 8 0.0963855 3.94394
H07248 31 0.0154613 5 0.060241 3.89624
H07255 28 0.0139651 5 0.060241 4.31368
H07258 28 0.0139651 5 0.060241 4.31368
H07261 26 0.0129676 5 0.060241 4.6455
H07295 34 0.0169576 5 0.060241 3.55245
H07355 37 0.0184539 7 0.0843373 4.57016
H07524 42 0.0209476 8 0.0963855 4.60127
H07525 26 0.0129676 5 0.060241 4.6455
H07526 26 0.0129676 5 0.060241 4.6455
H07650 43 0.0214464 5 0.060241 2.80891
H07770 125 0.0623441 11 0.13253 2.12578
H07775 102 0.0508728 9 0.108434 2.13147
H07776 69 0.034414 8 0.0963855 2.80076
H07792 59 0.0294264 7 0.0843373 2.86604
H07810 79 0.0394015 7 0.0843373 2.14046
H07812 67 0.0334165 6 0.0722892 2.16328
H07813 63 0.0314214 7 0.0843373 2.68407
H07814 67 0.0334165 6 0.0722892 2.16328
H07815 70 0.0349127 6 0.0722892 2.07057
H07816 36 0.0179551 8 0.0963855 5.36814
H07855 53 0.0264339 5 0.060241 2.27893
H07900 69 0.034414 6 0.0722892 2.10058
H07927 34 0.0169576 5 0.060241 3.55245
H07932 39 0.0194514 6 0.0722892 3.7164
H08030 27 0.0134663 10 0.120482 8.94693
H08117 87 0.0433915 11 0.13253 3.05428
H08119 45 0.0224439 5 0.060241 2.68407
H08121 25 0.0124688 7 0.0843373 6.76387
H08124 22 0.0109726 5 0.060241 5.49013
H08151 33 0.0164589 10 0.120482 7.32017
H08161 86 0.0428928 9 0.108434 2.52802
H08209 28 0.0139651 5 0.060241 4.31368
H08257 103 0.0513716 11 0.13253 2.57983
H08258 104 0.0518703 11 0.13253 2.55503
H08323 57 0.0284289 6 0.0722892 2.54281
H08326 57 0.0284289 6 0.0722892 2.54281
H08514 8 0.00399002 6 0.0722892 18.1175
H08632 21 0.0104738 5 0.060241 5.75159
H08778 69 0.034414 6 0.0722892 2.10058
H08884 46 0.0229426 5 0.060241 2.62573
H08903 20 0.00997506 6 0.0722892 7.24699
H08915 46 0.0229426 5 0.060241 2.62573
H08941 96 0.0478803 9 0.108434 2.26469
H08942 96 0.0478803 9 0.108434 2.26469
H08943 96 0.0478803 9 0.108434 2.26469
H08944 96 0.0478803 9 0.108434 2.26469
H08945 96 0.0478803 9 0.108434 2.26469
H08946 96 0.0478803 9 0.108434 2.26469
H08947 97 0.0483791 9 0.108434 2.24134
H09119 60 0.0299252 5 0.060241 2.01305
H09141 36 0.0179551 6 0.0722892 4.02611
H09624 86 0.0428928 13 0.156627 3.65159
H09651 107 0.0533666 9 0.108434 2.03187
H09654 70 0.0349127 9 0.108434 3.10586
H09656 90 0.0448878 14 0.168675 3.7577
H09658 105 0.0523691 14 0.168675 3.22089
H09659 91 0.0453865 13 0.156627 3.45096
H09660 47 0.0234414 8 0.0963855 4.11176
H09663 37 0.0184539 7 0.0843373 4.57016
H09718 11 0.00548628 8 0.0963855 17.5685
H09937 24 0.0119701 7 0.0843373 7.04566
H10018 22 0.0109726 8 0.0963855 8.7842
H10169 16 0.00798005 6 0.0722892 9.05874
H10170 16 0.00798005 6 0.0722892 9.05874
H10259 16 0.00798005 6 0.0722892 9.05874
H10271 26 0.0129676 6 0.0722892 5.5746
H10302 108 0.0538653 11 0.13253 2.4604
H10318 112 0.0558603 13 0.156627 2.80391
H10361 47 0.0234414 5 0.060241 2.56986
H10364 103 0.0513716 10 0.120482 2.3453
H10365 98 0.0488778 9 0.108434 2.21847
H10366 107 0.0533666 10 0.120482 2.25763
H10367 107 0.0533666 10 0.120482 2.25763
H10368 107 0.0533666 10 0.120482 2.25763
H10369 107 0.0533666 10 0.120482 2.25763
H10500 32 0.0159601 8 0.0963855 6.03915
H10558 43 0.0214464 5 0.060241 2.80891
H10670 94 0.0468828 10 0.120482 2.56986
H10692 163 0.0812968 14 0.168675 2.0748
H10694 27 0.0134663 9 0.108434 8.05225
H10695 27 0.0134663 9 0.108434 8.05225
H10696 24 0.0119701 6 0.0722892 6.03915
H10697 27 0.0134663 5 0.060241 4.47346
H10756 9 0.00448878 5 0.060241 13.4204
H10799 31 0.0154613 7 0.0843373 5.45474
H10800 28 0.0139651 5 0.060241 4.31368
H10837 133 0.0663342 12 0.144578 2.17954
H10844 50 0.0249377 5 0.060241 2.41566
H10933 116 0.0578554 10 0.120482 2.08247
H10949 40 0.0199501 5 0.060241 3.01958
H10950 40 0.0199501 5 0.060241 3.01958
H10951 40 0.0199501 5 0.060241 3.01958
H10952 40 0.0199501 5 0.060241 3.01958
H10953 40 0.0199501 5 0.060241 3.01958
H10954 40 0.0199501 5 0.060241 3.01958
H10955 40 0.0199501 5 0.060241 3.01958
H10984 25 0.0124688 5 0.060241 4.83134
H10985 25 0.0124688 5 0.060241 4.83134
H11057 61 0.0304239 9 0.108434 3.56411
H11072 34 0.0169576 7 0.0843373 4.97342
H11113 20 0.00997506 7 0.0843373 8.45482
H11153 14 0.00698254 6 0.0722892 10.3529
H11154 20 0.00997506 6 0.0722892 7.24699
H11347 45 0.0224439 5 0.060241 2.68407
H11348 45 0.0224439 5 0.060241 2.68407
H11349 44 0.0219451 5 0.060241 2.74508
H11517 66 0.0329177 6 0.0722892 2.19606
H11621 23 0.0114713 7 0.0843373 7.35203
H11622 23 0.0114713 7 0.0843373 7.35203
H11631 36 0.0179551 6 0.0722892 4.02611
H11729 31 0.0154613 5 0.060241 3.89624
H11740 57 0.0284289 7 0.0843373 2.9666
H11741 33 0.0164589 6 0.0722892 4.3921
H11742 37 0.0184539 6 0.0722892 3.91729
H11842 28 0.0139651 5 0.060241 4.31368
H11942 37 0.0184539 5 0.060241 3.2644
H11978 51 0.0254364 5 0.060241 2.3683
H11992 141 0.0703242 13 0.156627 2.22721
H12171 29 0.0144638 5 0.060241 4.16495
H12177 102 0.0508728 14 0.168675 3.31562
H12190 51 0.0254364 10 0.120482 4.7366
H12191 86 0.0428928 11 0.13253 3.0898
H12219 34 0.0169576 6 0.0722892 4.26294
H12221 106 0.0528678 12 0.144578 2.73471
H12222 80 0.0399002 13 0.156627 3.92547
H12223 122 0.0608479 15 0.180723 2.97008
H12226 56 0.0279302 6 0.0722892 2.58821
H12357 52 0.0259352 5 0.060241 2.32275
H12376 63 0.0314214 6 0.0722892 2.30064
H12377 63 0.0314214 6 0.0722892 2.30064
H12378 67 0.0334165 6 0.0722892 2.16328
H12430 27 0.0134663 5 0.060241 4.47346
H12503 58 0.0289277 5 0.060241 2.08247
H12504 58 0.0289277 5 0.060241 2.08247
H12505 58 0.0289277 5 0.060241 2.08247
H12506 58 0.0289277 5 0.060241 2.08247
H12521 79 0.0394015 7 0.0843373 2.14046
H12766 5 0.00249377 5 0.060241 24.1566
H12925 78 0.0389027 8 0.0963855 2.4776
H12995 43 0.0214464 5 0.060241 2.80891
H12996 43 0.0214464 5 0.060241 2.80891
H12997 43 0.0214464 5 0.060241 2.80891
H12998 43 0.0214464 5 0.060241 2.80891
H12999 43 0.0214464 5 0.060241 2.80891
H13031 50 0.0249377 6 0.0722892 2.89879
H13032 62 0.0309227 8 0.0963855 3.11698
H13033 62 0.0309227 8 0.0963855 3.11698
H13034 62 0.0309227 8 0.0963855 3.11698
H13280 36 0.0179551 7 0.0843373 4.69712
H13555 41 0.0204489 5 0.060241 2.94593
H13601 27 0.0134663 5 0.060241 4.47346
H13605 47 0.0234414 6 0.0722892 3.08383
H13606 47 0.0234414 6 0.0722892 3.08383
H13607 47 0.0234414 6 0.0722892 3.08383
H13629 27 0.0134663 6 0.0722892 5.36816
H13678 28 0.0139651 5 0.060241 4.31368
H13727 119 0.0593516 15 0.180723 3.04496
H13737 22 0.0109726 7 0.0843373 7.68617
H13738 25 0.0124688 7 0.0843373 6.76387
H13739 25 0.0124688 7 0.0843373 6.76387
H13741 20 0.00997506 6 0.0722892 7.24699
H13790 30 0.0149626 6 0.0722892 4.83133
H13857 92 0.0458853 9 0.108434 2.36315
H13864 34 0.0169576 5 0.060241 3.55245
H13895 45 0.0224439 5 0.060241 2.68407
H13940 124 0.0618454 11 0.13253 2.14292
H14051 104 0.0518703 11 0.13253 2.55503
H14072 37 0.0184539 6 0.0722892 3.91729
H14077 63 0.0314214 10 0.120482 3.83439
H14079 68 0.0339152 7 0.0843373 2.48671
H14084 70 0.0349127 8 0.0963855 2.76076
H14127 87 0.0433915 10 0.120482 2.77663
H14128 86 0.0428928 10 0.120482 2.80891
H14129 116 0.0578554 10 0.120482 2.08247
H14202 6 0.00299252 9 0.108434 36.235
H14203 24 0.0119701 5 0.060241 5.03262
H14242 109 0.0543641 11 0.13253 2.43782
H14244 102 0.0508728 12 0.144578 2.84195
H14245 114 0.0568579 14 0.168675 2.96661
H14248 62 0.0309227 6 0.0722892 2.33774
H14250 125 0.0623441 16 0.192771 3.09205
H14252 72 0.0359102 9 0.108434 3.01959
H14253 102 0.0508728 10 0.120482 2.3683
H14255 96 0.0478803 12 0.144578 3.01957
H14277 14 0.00698254 5 0.060241 8.62738
H14285 35 0.0174564 6 0.0722892 4.14113
H14316 66 0.0329177 6 0.0722892 2.19606
H14425 66 0.0329177 6 0.0722892 2.19606
H14462 34 0.0169576 5 0.060241 3.55245
H14498 34 0.0169576 5 0.060241 3.55245
H14520 68 0.0339152 6 0.0722892 2.13147
H14521 67 0.0334165 6 0.0722892 2.16328
H14522 67 0.0334165 6 0.0722892 2.16328
H14568 49 0.0244389 6 0.0722892 2.95796
H14586 39 0.0194514 5 0.060241 3.097
H14678 20 0.00997506 9 0.108434 10.8705
H14679 7 0.00349127 9 0.108434 31.0586
H14895 95 0.0473815 10 0.120482 2.54281
H14896 95 0.0473815 10 0.120482 2.54281
H14897 95 0.0473815 10 0.120482 2.54281
H15020 33 0.0164589 7 0.0843373 5.12412
H15440 34 0.0169576 5 0.060241 3.55245
H15549 57 0.0284289 5 0.060241 2.11901
H15583 61 0.0304239 7 0.0843373 2.77207
H15614 101 0.0503741 11 0.13253 2.63092
H15616 69 0.034414 6 0.0722892 2.10058
H15620 76 0.0379052 7 0.0843373 2.22495
H15671 67 0.0334165 7 0.0843373 2.52382
H15672 68 0.0339152 7 0.0843373 2.48671
H15673 82 0.0408978 8 0.0963855 2.35674
H15877 23 0.0114713 5 0.060241 5.25145
H16043 51 0.0254364 10 0.120482 4.7366
H16044 33 0.0164589 10 0.120482 7.32017
H16045 51 0.0254364 10 0.120482 4.7366
H16046 87 0.0433915 10 0.120482 2.77663
H16065 28 0.0139651 5 0.060241 4.31368
H16073 83 0.0413965 10 0.120482 2.91044
H16083 97 0.0483791 9 0.108434 2.24134
H16091 78 0.0389027 10 0.120482 3.09701
H16094 168 0.0837905 14 0.168675 2.01306
H16102 129 0.0643392 11 0.13253 2.05986
H16113 81 0.040399 7 0.0843373 2.08761
H16126 56 0.0279302 6 0.0722892 2.58821
H16127 104 0.0518703 10 0.120482 2.32276
H16133 76 0.0379052 7 0.0843373 2.22495
H16134 45 0.0224439 5 0.060241 2.68407
H16138 84 0.0418953 11 0.13253 3.16336
H16140 144 0.0718204 15 0.180723 2.51632
H16166 20 0.00997506 5 0.060241 6.03916
H16171 110 0.0548628 12 0.144578 2.63526
H16173 120 0.0598504 13 0.156627 2.61697
H16285 40 0.0199501 5 0.060241 3.01958
H16296 150 0.074813 13 0.156627 2.09358
H16297 133 0.0663342 12 0.144578 2.17954
H16327 136 0.0678304 12 0.144578 2.13146
H16328 142 0.0708229 12 0.144578 2.0414
H16370 69 0.034414 6 0.0722892 2.10058
H16513 23 0.0114713 5 0.060241 5.25145
H16587 84 0.0418953 12 0.144578 3.45094
H16588 83 0.0413965 11 0.13253 3.20148
H16590 120 0.0598504 18 0.216867 3.62348
H16591 128 0.0638404 14 0.168675 2.64214
H16604 142 0.0708229 13 0.156627 2.21153
H16607 42 0.0209476 5 0.060241 2.87579
H16609 50 0.0249377 8 0.0963855 3.86505
H16611 46 0.0229426 10 0.120482 5.25145
H16612 73 0.036409 7 0.0843373 2.31639
H16613 109 0.0543641 16 0.192771 3.54592
H16616 30 0.0149626 8 0.0963855 6.44176
H16617 139 0.0693267 18 0.216867 3.12819
H16619 114 0.0568579 11 0.13253 2.3309
H16621 74 0.0369077 8 0.0963855 2.61153
H16625 102 0.0508728 11 0.13253 2.60512
H16626 96 0.0478803 12 0.144578 3.01957
H16627 80 0.0399002 8 0.0963855 2.41566
H16628 106 0.0528678 13 0.156627 2.96262
H16631 62 0.0309227 8 0.0963855 3.11698
H16636 33 0.0164589 6 0.0722892 4.3921
H16637 71 0.0354115 6 0.0722892 2.0414
H16638 82 0.0408978 10 0.120482 2.94593
H16643 105 0.0523691 14 0.168675 3.22089
H16644 92 0.0458853 10 0.120482 2.62572
H16650 87 0.0433915 10 0.120482 2.77663
H16662 38 0.0189526 5 0.060241 3.17851
H16663 39 0.0194514 5 0.060241 3.097
H16664 39 0.0194514 5 0.060241 3.097
H16699 59 0.0294264 9 0.108434 3.68492
H16701 59 0.0294264 6 0.0722892 2.45661
H16702 61 0.0304239 7 0.0843373 2.77207
H16703 118 0.0588529 11 0.13253 2.25189
H16706 116 0.0578554 17 0.204819 3.54019
H16734 35 0.0174564 7 0.0843373 4.83131
H16735 94 0.0468828 13 0.156627 3.34082
H16736 53 0.0264339 8 0.0963855 3.64628
H16737 69 0.034414 11 0.13253 3.85105
H16796 37 0.0184539 7 0.0843373 4.57016
H16797 37 0.0184539 7 0.0843373 4.57016
H16836 28 0.0139651 5 0.060241 4.31368
H16840 33 0.0164589 6 0.0722892 4.3921
H16883 32 0.0159601 7 0.0843373 5.28426
H16884 41 0.0204489 7 0.0843373 4.1243
H16885 32 0.0159601 7 0.0843373 5.28426
H16891 35 0.0174564 7 0.0843373 4.83131
H16892 32 0.0159601 7 0.0843373 5.28426
H16893 33 0.0164589 7 0.0843373 5.12412
H16894 33 0.0164589 7 0.0843373 5.12412
H17061 27 0.0134663 6 0.0722892 5.36816
H17063 49 0.0244389 5 0.060241 2.46496
H17156 33 0.0164589 6 0.0722892 4.3921
H17214 9 0.00448878 5 0.060241 13.4204
H17215 5 0.00249377 5 0.060241 24.1566
H17216 5 0.00249377 5 0.060241 24.1566
H17217 5 0.00249377 5 0.060241 24.1566
H17218 5 0.00249377 5 0.060241 24.1566
H17219 10 0.00498753 5 0.060241 12.0783
H17220 10 0.00498753 5 0.060241 12.0783
H17221 10 0.00498753 5 0.060241 12.0783
H17222 10 0.00498753 5 0.060241 12.0783
H17276 34 0.0169576 6 0.0722892 4.26294
H17277 36 0.0179551 6 0.0722892 4.02611
H17404 15 0.0074813 7 0.0843373 11.2731
H17410 37 0.0184539 7 0.0843373 4.57016
H17433 66 0.0329177 6 0.0722892 2.19606
H17481 43 0.0214464 5 0.060241 2.80891
H17482 43 0.0214464 5 0.060241 2.80891
H17569 43 0.0214464 5 0.060241 2.80891
H17636 56 0.0279302 5 0.060241 2.15684
H17714 72 0.0359102 10 0.120482 3.35509
H17719 117 0.0583541 11 0.13253 2.27113
H17721 85 0.042394 12 0.144578 3.41034
H17722 78 0.0389027 12 0.144578 3.7164
H17723 77 0.038404 11 0.13253 3.45094
H17724 127 0.0633416 13 0.156627 2.47274
H17729 95 0.0473815 10 0.120482 2.54281
H17730 91 0.0453865 11 0.13253 2.92003
H17731 96 0.0478803 11 0.13253 2.76794
H17734 78 0.0389027 8 0.0963855 2.4776
H17736 104 0.0518703 12 0.144578 2.7873
H17737 73 0.036409 8 0.0963855 2.6473
H17738 76 0.0379052 7 0.0843373 2.22495
H17851 27 0.0134663 6 0.0722892 5.36816
H17852 27 0.0134663 6 0.0722892 5.36816
H17938 9 0.00448878 5 0.060241 13.4204
H18027 43 0.0214464 5 0.060241 2.80891
H18048 57 0.0284289 8 0.0963855 3.39041
H18116 73 0.036409 8 0.0963855 2.6473
H18131 107 0.0533666 10 0.120482 2.25763
H18133 100 0.0498753 9 0.108434 2.1741
H18156 48 0.0239401 12 0.144578 6.03916
H18377 29 0.0144638 6 0.0722892 4.99794
H18404 44 0.0219451 8 0.0963855 4.39212
H18405 44 0.0219451 8 0.0963855 4.39212
H18420 43 0.0214464 8 0.0963855 4.49425
H18452 20 0.00997506 8 0.0963855 9.66265
H18485 31 0.0154613 5 0.060241 3.89624
H18528 43 0.0214464 5 0.060241 2.80891
H18585 100 0.0498753 11 0.13253 2.65723
H18662 58 0.0289277 7 0.0843373 2.91545
H18665 88 0.0438903 13 0.156627 3.5686
H18667 94 0.0468828 13 0.156627 3.34082
H18668 65 0.032419 7 0.0843373 2.60148
H18670 101 0.0503741 11 0.13253 2.63092
H18671 71 0.0354115 8 0.0963855 2.72187
H18672 84 0.0418953 13 0.156627 3.73853
H18673 82 0.0408978 9 0.108434 2.65134
H18674 88 0.0438903 11 0.13253 3.01957
H18675 76 0.0379052 7 0.0843373 2.22495
H18730 34 0.0169576 6 0.0722892 4.26294
H18731 34 0.0169576 6 0.0722892 4.26294
H18732 24 0.0119701 6 0.0722892 6.03915
H18774 40 0.0199501 5 0.060241 3.01958
H18815 28 0.0139651 7 0.0843373 6.03915
H18929 53 0.0264339 10 0.120482 4.55786
H18930 36 0.0179551 10 0.120482 6.71018
H19013 43 0.0214464 6 0.0722892 3.37069
H19065 57 0.0284289 6 0.0722892 2.54281
H19092 35 0.0174564 7 0.0843373 4.83131
H19116 45 0.0224439 6 0.0722892 3.22088
H19166 26 0.0129676 6 0.0722892 5.5746
H19234 28 0.0139651 5 0.060241 4.31368
H19235 28 0.0139651 5 0.060241 4.31368
H19748 47 0.0234414 5 0.060241 2.56986
H19821 127 0.0633416 13 0.156627 2.47274
H19822 123 0.0613466 13 0.156627 2.55315
H19823 132 0.0658354 12 0.144578 2.19605
H19868 110 0.0548628 10 0.120482 2.19606
H19869 110 0.0548628 10 0.120482 2.19606
H19954 20 0.00997506 6 0.0722892 7.24699
H19965 65 0.032419 7 0.0843373 2.60148
H19970 143 0.0713217 12 0.144578 2.02712
H19971 75 0.0374065 9 0.108434 2.8988
H19973 105 0.0523691 13 0.156627 2.99083
H19976 97 0.0483791 14 0.168675 3.48653
H19979 78 0.0389027 11 0.13253 3.4067
H19980 96 0.0478803 10 0.120482 2.51632
H19981 89 0.044389 13 0.156627 3.52851
H20011 78 0.0389027 10 0.120482 3.09701
H20059 91 0.0453865 10 0.120482 2.65458
H20061 120 0.0598504 16 0.192771 3.22088
H20393 108 0.0538653 10 0.120482 2.23673
H20402 44 0.0219451 7 0.0843373 3.8431
H20437 9 0.00448878 5 0.060241 13.4204
H20475 44 0.0219451 7 0.0843373 3.8431
H20476 45 0.0224439 7 0.0843373 3.75769
H20504 90 0.0448878 13 0.156627 3.4893
H20505 90 0.0448878 13 0.156627 3.4893
H20506 91 0.0453865 13 0.156627 3.45096
H20507 90 0.0448878 13 0.156627 3.4893
H20508 93 0.046384 12 0.144578 3.11698
H20509 94 0.0468828 11 0.13253 2.82684
H20837 32 0.0159601 5 0.060241 3.77448
H20909 51 0.0254364 5 0.060241 2.3683
H20971 8 0.00399002 8 0.0963855 24.1566
H21073 103 0.0513716 10 0.120482 2.3453
H21232 80 0.0399002 7 0.0843373 2.11371
H21244 27 0.0134663 5 0.060241 4.47346
H21245 27 0.0134663 5 0.060241 4.47346
H21246 27 0.0134663 5 0.060241 4.47346
H21387 88 0.0438903 11 0.13253 3.01957
H21416 6 0.00299252 5 0.060241 20.1305
H21423 46 0.0229426 6 0.0722892 3.15087
H21633 44 0.0219451 6 0.0722892 3.29409
H21745 39 0.0194514 5 0.060241 3.097
H21746 31 0.0154613 5 0.060241 3.89624
H21754 33 0.0164589 7 0.0843373 5.12412
H21813 12 0.00598504 6 0.0722892 12.0783
H21869 94 0.0468828 8 0.0963855 2.05588
H21875 39 0.0194514 5 0.060241 3.097
H21880 78 0.0389027 7 0.0843373 2.1679
H21914 56 0.0279302 8 0.0963855 3.45094
H21937 41 0.0204489 6 0.0722892 3.53511
H22089 126 0.0628429 12 0.144578 2.30063
H22153 50 0.0249377 5 0.060241 2.41566
H22273 50 0.0249377 5 0.060241 2.41566
H22279 31 0.0154613 8 0.0963855 6.23398
H22292 18 0.00897756 7 0.0843373 9.39423
H22293 153 0.0763092 13 0.156627 2.05253
H22311 48 0.0239401 5 0.060241 2.51632
H22312 53 0.0264339 5 0.060241 2.27893
H22373 28 0.0139651 7 0.0843373 6.03915
H22374 39 0.0194514 8 0.0963855 4.9552
H22375 30 0.0149626 7 0.0843373 5.63654
H22376 27 0.0134663 7 0.0843373 6.26284
H22377 27 0.0134663 7 0.0843373 6.26284
H22424 39 0.0194514 6 0.0722892 3.7164
H22425 39 0.0194514 6 0.0722892 3.7164
H22428 47 0.0234414 7 0.0843373 3.59779
H22452 68 0.0339152 7 0.0843373 2.48671
H22523 27 0.0134663 7 0.0843373 6.26284
H22682 20 0.00997506 6 0.0722892 7.24699
H22683 31 0.0154613 10 0.120482 7.79249
H22684 31 0.0154613 10 0.120482 7.79249
H22685 31 0.0154613 10 0.120482 7.79249
H22686 20 0.00997506 6 0.0722892 7.24699
H22687 31 0.0154613 10 0.120482 7.79249
H22688 31 0.0154613 10 0.120482 7.79249
H22689 31 0.0154613 10 0.120482 7.79249
H22690 21 0.0104738 5 0.060241 5.75159
H22701 28 0.0139651 5 0.060241 4.31368
H22727 47 0.0234414 5 0.060241 2.56986
H22728 47 0.0234414 5 0.060241 2.56986
H22729 35 0.0174564 5 0.060241 3.45094
H22730 32 0.0159601 5 0.060241 3.77448
H22791 36 0.0179551 9 0.108434 6.03918
H22792 39 0.0194514 9 0.108434 5.57461
H22793 40 0.0199501 9 0.108434 5.43526
H22794 34 0.0169576 9 0.108434 6.39442
H22795 32 0.0159601 7 0.0843373 5.28426
H22857 24 0.0119701 5 0.060241 5.03262
H22885 33 0.0164589 5 0.060241 3.66009
H23044 100 0.0498753 10 0.120482 2.41566
H23202 97 0.0483791 12 0.144578 2.98844
H23206 101 0.0503741 12 0.144578 2.87009
H23207 80 0.0399002 8 0.0963855 2.41566
H23210 110 0.0548628 14 0.168675 3.07449
H23211 84 0.0418953 9 0.108434 2.58821
H23212 112 0.0558603 13 0.156627 2.80391
H23222 41 0.0204489 9 0.108434 5.30268
H23223 39 0.0194514 7 0.0843373 4.3358
H23224 40 0.0199501 7 0.0843373 4.22741
H23225 39 0.0194514 7 0.0843373 4.3358
H23278 27 0.0134663 6 0.0722892 5.36816
H23296 37 0.0184539 5 0.060241 3.2644
H23344 20 0.00997506 5 0.060241 6.03916
H23354 55 0.0274314 6 0.0722892 2.63527
H23419 35 0.0174564 8 0.0963855 5.5215
H23420 37 0.0184539 9 0.108434 5.87594
H23421 41 0.0204489 10 0.120482 5.89186
H23422 37 0.0184539 8 0.0963855 5.22304
H23494 65 0.032419 8 0.0963855 2.97312
H23529 44 0.0219451 8 0.0963855 4.39212
H23530 44 0.0219451 8 0.0963855 4.39212
H23531 44 0.0219451 8 0.0963855 4.39212
H23591 29 0.0144638 5 0.060241 4.16495
H23618 67 0.0334165 6 0.0722892 2.16328
H23947 28 0.0139651 6 0.0722892 5.17642
H24058 54 0.0269327 5 0.060241 2.23672
H24071 26 0.0129676 5 0.060241 4.6455
H24073 28 0.0139651 5 0.060241 4.31368
H24146 39 0.0194514 5 0.060241 3.097
H24147 54 0.0269327 5 0.060241 2.23672
H24192 31 0.0154613 5 0.060241 3.89624
H24223 108 0.0538653 9 0.108434 2.01306
H24229 41 0.0204489 8 0.0963855 4.71348
H24269 24 0.0119701 5 0.060241 5.03262
H24270 20 0.00997506 5 0.060241 6.03916
H24271 21 0.0104738 5 0.060241 5.75159
H24374 54 0.0269327 5 0.060241 2.23672
H24387 74 0.0369077 9 0.108434 2.93798
H24388 72 0.0359102 8 0.0963855 2.68407
H24426 34 0.0169576 7 0.0843373 4.97342
H24427 32 0.0159601 7 0.0843373 5.28426
H24428 32 0.0159601 7 0.0843373 5.28426
H24429 32 0.0159601 7 0.0843373 5.28426
H24430 30 0.0149626 7 0.0843373 5.63654
H24431 13 0.00648379 7 0.0843373 13.0074
H24681 88 0.0438903 8 0.0963855 2.19605
H24683 93 0.046384 9 0.108434 2.33775
H24814 44 0.0219451 8 0.0963855 4.39212
H24883 26 0.0129676 5 0.060241 4.6455
H24894 16 0.00798005 9 0.108434 13.5881
H25027 61 0.0304239 11 0.13253 4.35611
H25213 57 0.0284289 9 0.108434 3.81422
H25220 133 0.0663342 15 0.180723 2.72443
H25313 75 0.0374065 11 0.13253 3.54297
H25324 51 0.0254364 5 0.060241 2.3683
H25399 56 0.0279302 5 0.060241 2.15684
H25469 60 0.0299252 14 0.168675 5.63655
H25470 78 0.0389027 12 0.144578 3.7164
H25484 34 0.0169576 5 0.060241 3.55245
H25665 62 0.0309227 6 0.0722892 2.33774
H25666 67 0.0334165 6 0.0722892 2.16328
H25683 90 0.0448878 13 0.156627 3.4893
H25684 117 0.0583541 10 0.120482 2.06467
H25689 107 0.0533666 13 0.156627 2.93493
H25690 84 0.0418953 11 0.13253 3.16336
H25717 38 0.0189526 7 0.0843373 4.44991
H25719 69 0.034414 6 0.0722892 2.10058
H25726 72 0.0359102 8 0.0963855 2.68407
H25907 18 0.00897756 5 0.060241 6.71018
H25908 17 0.0084788 5 0.060241 7.1049
H25909 15 0.0074813 5 0.060241 8.05221
H25910 13 0.00648379 5 0.060241 9.29102
H25911 17 0.0084788 5 0.060241 7.1049
H25925 26 0.0129676 10 0.120482 9.291
H25931 39 0.0194514 5 0.060241 3.097
H25938 100 0.0498753 13 0.156627 3.14037
H25939 88 0.0438903 12 0.144578 3.29408
H25940 89 0.044389 12 0.144578 3.25707
H25941 106 0.0528678 10 0.120482 2.27893
H25942 84 0.0418953 11 0.13253 3.16336
H25966 99 0.0493766 15 0.180723 3.66009
H25968 84 0.0418953 11 0.13253 3.16336
H25972 132 0.0658354 18 0.216867 3.29408
H26114 113 0.0563591 10 0.120482 2.13776
H26258 105 0.0523691 9 0.108434 2.07057
H26321 108 0.0538653 11 0.13253 2.4604
H26792 90 0.0448878 13 0.156627 3.4893
H26820 57 0.0284289 9 0.108434 3.81422
H27023 23 0.0114713 5 0.060241 5.25145
H27049 108 0.0538653 9 0.108434 2.01306
H27050 108 0.0538653 9 0.108434 2.01306
H27111 89 0.044389 10 0.120482 2.71423
H27220 45 0.0224439 7 0.0843373 3.75769
H27233 45 0.0224439 7 0.0843373 3.75769
H27326 92 0.0458853 13 0.156627 3.41345
H27448 64 0.0319202 6 0.0722892 2.26469
H27483 37 0.0184539 5 0.060241 3.2644
H27521 35 0.0174564 5 0.060241 3.45094
H27522 34 0.0169576 5 0.060241 3.55245
H27717 100 0.0498753 10 0.120482 2.41566
H27885 38 0.0189526 6 0.0722892 3.81421
H28050 77 0.038404 7 0.0843373 2.19606
H28105 113 0.0563591 15 0.180723 3.20663
H28164 13 0.00648379 8 0.0963855 14.8656
H28261 27 0.0134663 5 0.060241 4.47346
H28262 27 0.0134663 5 0.060241 4.47346
H28399 11 0.00548628 5 0.060241 10.9803
H28400 11 0.00548628 5 0.060241 10.9803
H28401 11 0.00548628 5 0.060241 10.9803
H28402 21 0.0104738 5 0.060241 5.75159
H28593 105 0.0523691 11 0.13253 2.53069
H28594 105 0.0523691 11 0.13253 2.53069
H28605 12 0.00598504 7 0.0843373 14.0914
H28688 63 0.0314214 10 0.120482 3.83439
H28715 50 0.0249377 5 0.060241 2.41566
H28765 29 0.0144638 5 0.060241 4.16495
H28792 26 0.0129676 5 0.060241 4.6455
H28929 40 0.0199501 6 0.0722892 3.6235
H28979 28 0.0139651 6 0.0722892 5.17642
H28980 28 0.0139651 6 0.0722892 5.17642
H29034 38 0.0189526 8 0.0963855 5.08561
H29354 108 0.0538653 12 0.144578 2.68407
H29359 39 0.0194514 5 0.060241 3.097
H29360 28 0.0139651 7 0.0843373 6.03915
H29361 112 0.0558603 11 0.13253 2.37253
H29363 65 0.032419 6 0.0722892 2.22984
H29364 65 0.032419 6 0.0722892 2.22984
H29365 65 0.032419 6 0.0722892 2.22984
H29498 53 0.0264339 5 0.060241 2.27893
H29523 43 0.0214464 5 0.060241 2.80891
H29524 39 0.0194514 5 0.060241 3.097
H29525 35 0.0174564 5 0.060241 3.45094
H29527 43 0.0214464 5 0.060241 2.80891
H29528 24 0.0119701 5 0.060241 5.03262
H29529 51 0.0254364 5 0.060241 2.3683
H29530 51 0.0254364 5 0.060241 2.3683
H29531 43 0.0214464 5 0.060241 2.80891
H29596 43 0.0214464 7 0.0843373 3.93247
H29626 20 0.00997506 7 0.0843373 8.45482
H29745 27 0.0134663 5 0.060241 4.47346
H29954 40 0.0199501 9 0.108434 5.43526
H29955 40 0.0199501 9 0.108434 5.43526
H29996 63 0.0314214 8 0.0963855 3.06751
H30056 32 0.0159601 5 0.060241 3.77448
H30461 76 0.0379052 7 0.0843373 2.22495
H30500 4 0.00199501 5 0.060241 30.1958
H30632 36 0.0179551 6 0.0722892 4.02611
H30714 27 0.0134663 5 0.060241 4.47346
H30746 86 0.0428928 12 0.144578 3.37068
H30750 52 0.0259352 5 0.060241 2.32275
H30759 70 0.0349127 6 0.0722892 2.07057
H30760 71 0.0354115 6 0.0722892 2.0414
H30832 28 0.0139651 7 0.0843373 6.03915
H31215 55 0.0274314 5 0.060241 2.19606
H31395 27 0.0134663 7 0.0843373 6.26284
H31489 5 0.00249377 5 0.060241 24.1566
H31493 32 0.0159601 7 0.0843373 5.28426
H31562 29 0.0144638 7 0.0843373 5.83092
H31649 25 0.0124688 9 0.108434 8.69643
H31757 26 0.0129676 5 0.060241 4.6455
H31777 6 0.00299252 9 0.108434 36.235
H31856 81 0.040399 13 0.156627 3.877
H31903 126 0.0628429 11 0.13253 2.10891
H32003 8 0.00399002 8 0.0963855 24.1566
H32589 27 0.0134663 7 0.0843373 6.26284
H32707 32 0.0159601 7 0.0843373 5.28426
H32848 25 0.0124688 9 0.108434 8.69643
H32968 27 0.0134663 5 0.060241 4.47346
H32984 6 0.00299252 9 0.108434 36.235
H33098 103 0.0513716 9 0.108434 2.11078
H33197 8 0.00399002 8 0.0963855 24.1566
H33291 27 0.0134663 5 0.060241 4.47346
H33360 26 0.0129676 10 0.120482 9.291
H33528 26 0.0129676 5 0.060241 4.6455
H33583 56 0.0279302 9 0.108434 3.88232
