H00099 75 0.0375375 7 0.0777778 2.072
H00185 43 0.0215215 5 0.0555556 2.5814
H00208 65 0.0325325 8 0.0888889 2.73231
H00230 9 0.0045045 5 0.0555556 12.3334
H00360 83 0.0415415 8 0.0888889 2.13976
H00406 25 0.0125125 6 0.0666667 5.32801
H00566 65 0.0325325 8 0.0888889 2.73231
H00567 68 0.034034 8 0.0888889 2.61177
H00647 43 0.0215215 5 0.0555556 2.5814
H00825 32 0.016016 5 0.0555556 3.46876
H01136 63 0.0315315 8 0.0888889 2.81905
H01147 46 0.023023 5 0.0555556 2.41305
H01148 35 0.0175175 6 0.0666667 3.80572
H01191 31 0.0155155 5 0.0555556 3.58065
H01196 15 0.00750751 5 0.0555556 7.4
H01258 67 0.0335335 7 0.0777778 2.31941
H01444 15 0.00750751 5 0.0555556 7.4
H01465 50 0.025025 6 0.0666667 2.664
H01510 73 0.0365365 7 0.0777778 2.12877
H01525 28 0.014014 6 0.0666667 4.75715
H01713 58 0.029029 7 0.0777778 2.67931
H01821 18 0.00900901 6 0.0666667 7.4
H01845 62 0.031031 6 0.0666667 2.14839
H01846 65 0.0325325 6 0.0666667 2.04923
H02092 44 0.022022 5 0.0555556 2.52273
H02144 66 0.033033 7 0.0777778 2.35455
H02154 24 0.012012 5 0.0555556 4.62501
H02171 109 0.0545546 10 0.111111 2.03669
H02172 92 0.046046 9 0.1 2.17174
H02186 44 0.022022 7 0.0777778 3.53182
H02222 69 0.0345345 8 0.0888889 2.57392
H02223 72 0.036036 8 0.0888889 2.46667
H02351 55 0.0275275 6 0.0666667 2.42182
H02369 22 0.011011 6 0.0666667 6.05455
H02428 62 0.031031 7 0.0777778 2.50645
H02664 35 0.0175175 5 0.0555556 3.17143
H02711 47 0.0235235 6 0.0666667 2.83405
H02712 47 0.0235235 6 0.0666667 2.83405
H02969 72 0.036036 7 0.0777778 2.15834
H03057 3 0.0015015 5 0.0555556 37.0001
H03138 83 0.0415415 9 0.1 2.40723
H03140 98 0.049049 9 0.1 2.03878
H03201 51 0.0255255 5 0.0555556 2.17647
H03247 34 0.017017 7 0.0777778 4.57059
H03260 44 0.022022 8 0.0888889 4.03637
H03424 53 0.0265265 5 0.0555556 2.09434
H03660 78 0.039039 8 0.0888889 2.27693
H03661 78 0.039039 8 0.0888889 2.27693
H03768 72 0.036036 7 0.0777778 2.15834
H03818 28 0.014014 5 0.0555556 3.96429
H03819 28 0.014014 5 0.0555556 3.96429
H03822 25 0.0125125 5 0.0555556 4.44001
H03823 25 0.0125125 5 0.0555556 4.44001
H03824 25 0.0125125 5 0.0555556 4.44001
H03835 51 0.0255255 8 0.0888889 3.48236
H03848 74 0.037037 7 0.0777778 2.1
H04055 35 0.0175175 5 0.0555556 3.17143
H04126 85 0.0425425 8 0.0888889 2.08941
H04169 11 0.00550551 5 0.0555556 10.0909
H04208 73 0.0365365 7 0.0777778 2.12877
H04223 73 0.0365365 7 0.0777778 2.12877
H04234 73 0.0365365 7 0.0777778 2.12877
H04391 10 0.00500501 5 0.0555556 11.1
H04460 32 0.016016 6 0.0666667 4.16251
H04461 40 0.02002 5 0.0555556 2.775
H04510 30 0.015015 5 0.0555556 3.70001
H04518 33 0.0165165 6 0.0666667 4.03637
H04540 33 0.0165165 5 0.0555556 3.36364
H04541 32 0.016016 5 0.0555556 3.46876
H04542 34 0.017017 5 0.0555556 3.26471
H04543 22 0.011011 6 0.0666667 6.05455
H04712 29 0.0145145 7 0.0777778 5.35863
H04713 29 0.0145145 7 0.0777778 5.35863
H04716 42 0.021021 6 0.0666667 3.17143
H04727 66 0.033033 6 0.0666667 2.01818
H04756 15 0.00750751 6 0.0666667 8.88
H04835 16 0.00800801 8 0.0888889 11.1
H04899 32 0.016016 7 0.0777778 4.85626
H04991 33 0.0165165 5 0.0555556 3.36364
H05039 66 0.033033 6 0.0666667 2.01818
H05298 46 0.023023 5 0.0555556 2.41305
H05388 43 0.0215215 5 0.0555556 2.5814
H05589 60 0.03003 8 0.0888889 2.96
H05755 21 0.0105105 5 0.0555556 5.28572
H05756 21 0.0105105 5 0.0555556 5.28572
H05757 21 0.0105105 5 0.0555556 5.28572
H05888 20 0.01001 5 0.0555556 5.55001
H05915 21 0.0105105 6 0.0666667 6.34287
H05936 90 0.045045 9 0.1 2.22
H05942 44 0.022022 7 0.0777778 3.53182
H06028 76 0.038038 7 0.0777778 2.04474
H06057 51 0.0255255 7 0.0777778 3.04706
H06141 42 0.021021 6 0.0666667 3.17143
H06146 46 0.023023 9 0.1 4.34348
H06152 50 0.025025 5 0.0555556 2.22
H06317 43 0.0215215 5 0.0555556 2.5814
H06318 43 0.0215215 5 0.0555556 2.5814
H06320 46 0.023023 5 0.0555556 2.41305
H06476 48 0.024024 8 0.0888889 3.7
H06477 51 0.0255255 8 0.0888889 3.48236
H06478 56 0.028028 9 0.1 3.56786
H06497 10 0.00500501 5 0.0555556 11.1
H06498 10 0.00500501 5 0.0555556 11.1
H06499 10 0.00500501 5 0.0555556 11.1
H06500 10 0.00500501 5 0.0555556 11.1
H06501 10 0.00500501 5 0.0555556 11.1
H06523 73 0.0365365 7 0.0777778 2.12877
H06586 77 0.0385385 8 0.0888889 2.3065
H06587 73 0.0365365 7 0.0777778 2.12877
H06588 73 0.0365365 7 0.0777778 2.12877
H06732 36 0.018018 7 0.0777778 4.31667
H06804 16 0.00800801 5 0.0555556 6.9375
H06941 54 0.027027 7 0.0777778 2.87778
H07039 35 0.0175175 6 0.0666667 3.80572
H07118 31 0.0155155 5 0.0555556 3.58065
H07203 36 0.018018 5 0.0555556 3.08334
H07233 59 0.0295295 7 0.0777778 2.6339
H07234 14 0.00700701 5 0.0555556 7.92857
H07299 41 0.0205205 5 0.0555556 2.70732
H07355 38 0.019019 6 0.0666667 3.50527
H07650 43 0.0215215 5 0.0555556 2.5814
H07792 59 0.0295295 7 0.0777778 2.6339
H07810 78 0.039039 8 0.0888889 2.27693
H07811 77 0.0385385 8 0.0888889 2.3065
H07812 65 0.0325325 8 0.0888889 2.73231
H07813 61 0.0305305 9 0.1 3.27541
H07814 65 0.0325325 8 0.0888889 2.73231
H07815 68 0.034034 8 0.0888889 2.61177
H07816 36 0.018018 8 0.0888889 4.93334
H07855 52 0.026026 6 0.0666667 2.56154
H07878 34 0.017017 5 0.0555556 3.26471
H07927 32 0.016016 7 0.0777778 4.85626
H07932 40 0.02002 5 0.0555556 2.775
H08030 32 0.016016 5 0.0555556 3.46876
H08121 26 0.013013 6 0.0666667 5.12308
H08151 38 0.019019 5 0.0555556 2.92106
H08209 28 0.014014 5 0.0555556 3.96429
H08247 72 0.036036 7 0.0777778 2.15834
H08508 54 0.027027 7 0.0777778 2.87778
H08509 54 0.027027 7 0.0777778 2.87778
H08519 32 0.016016 6 0.0666667 4.16251
H08632 21 0.0105105 5 0.0555556 5.28572
H08884 43 0.0215215 8 0.0888889 4.13024
H08903 20 0.01001 6 0.0666667 6.66001
H09052 49 0.0245245 5 0.0555556 2.26531
H09141 37 0.0185185 5 0.0555556 3.00001
H09223 40 0.02002 6 0.0666667 3.33
H09224 40 0.02002 6 0.0666667 3.33
H09658 109 0.0545546 10 0.111111 2.03669
H09659 95 0.0475475 9 0.1 2.10316
H09718 12 0.00600601 7 0.0777778 12.95
H09822 29 0.0145145 6 0.0666667 4.59311
H09852 65 0.0325325 6 0.0666667 2.04923
H09853 65 0.0325325 6 0.0666667 2.04923
H09855 65 0.0325325 6 0.0666667 2.04923
H09857 62 0.031031 6 0.0666667 2.14839
H09871 66 0.033033 6 0.0666667 2.01818
H10018 22 0.011011 8 0.0888889 8.07274
H10039 47 0.0235235 6 0.0666667 2.83405
H10040 35 0.0175175 5 0.0555556 3.17143
H10169 15 0.00750751 7 0.0777778 10.36
H10170 15 0.00750751 7 0.0777778 10.36
H10177 83 0.0415415 8 0.0888889 2.13976
H10259 16 0.00800801 6 0.0666667 8.325
H10271 27 0.0135135 5 0.0555556 4.11112
H10482 47 0.0235235 6 0.0666667 2.83405
H10500 33 0.0165165 7 0.0777778 4.7091
H10558 43 0.0215215 5 0.0555556 2.5814
H10576 33 0.0165165 6 0.0666667 4.03637
H10694 30 0.015015 6 0.0666667 4.44001
H10695 30 0.015015 6 0.0666667 4.44001
H10696 24 0.012012 6 0.0666667 5.55001
H10697 27 0.0135135 5 0.0555556 4.11112
H10799 30 0.015015 8 0.0888889 5.92001
H10800 25 0.0125125 8 0.0888889 7.10401
H10844 49 0.0245245 6 0.0666667 2.71837
H10988 72 0.036036 7 0.0777778 2.15834
H11020 11 0.00550551 5 0.0555556 10.0909
H11072 32 0.016016 9 0.1 6.24376
H11310 33 0.0165165 6 0.0666667 4.03637
H11517 64 0.032032 8 0.0888889 2.775
H11621 25 0.0125125 5 0.0555556 4.44001
H11622 25 0.0125125 5 0.0555556 4.44001
H11636 29 0.0145145 5 0.0555556 3.82759
H11679 59 0.0295295 8 0.0888889 3.01017
H11681 68 0.034034 7 0.0777778 2.2853
H11714 19 0.00950951 5 0.0555556 5.84211
H11740 57 0.0285285 7 0.0777778 2.72632
H11741 33 0.0165165 6 0.0666667 4.03637
H11742 37 0.0185185 6 0.0666667 3.60001
H11750 47 0.0235235 6 0.0666667 2.83405
H11780 78 0.039039 8 0.0888889 2.27693
H11842 28 0.014014 5 0.0555556 3.96429
H12177 105 0.0525526 11 0.122222 2.32571
H12190 55 0.0275275 6 0.0666667 2.42182
H12191 85 0.0425425 12 0.133333 3.13411
H12221 107 0.0535536 11 0.122222 2.28224
H12222 84 0.042042 9 0.1 2.37857
H12223 125 0.0625626 12 0.133333 2.13119
H12233 7 0.0035035 5 0.0555556 15.8572
H12322 73 0.0365365 7 0.0777778 2.12877
H12323 85 0.0425425 8 0.0888889 2.08941
H12357 52 0.026026 5 0.0555556 2.13462
H12376 61 0.0305305 8 0.0888889 2.91148
H12377 61 0.0305305 8 0.0888889 2.91148
H12378 65 0.0325325 8 0.0888889 2.73231
H12503 56 0.028028 7 0.0777778 2.775
H12504 56 0.028028 7 0.0777778 2.775
H12505 56 0.028028 7 0.0777778 2.775
H12506 56 0.028028 7 0.0777778 2.775
H12647 35 0.0175175 5 0.0555556 3.17143
H12676 94 0.047047 12 0.133333 2.83404
H12688 81 0.0405405 8 0.0888889 2.1926
H12939 12 0.00600601 5 0.0555556 9.25
H12995 43 0.0215215 5 0.0555556 2.5814
H12996 43 0.0215215 5 0.0555556 2.5814
H12997 43 0.0215215 5 0.0555556 2.5814
H12998 43 0.0215215 5 0.0555556 2.5814
H12999 43 0.0215215 5 0.0555556 2.5814
H13031 51 0.0255255 5 0.0555556 2.17647
H13032 63 0.0315315 7 0.0777778 2.46667
H13033 63 0.0315315 7 0.0777778 2.46667
H13034 63 0.0315315 7 0.0777778 2.46667
H13188 60 0.03003 7 0.0777778 2.59
H13280 36 0.018018 7 0.0777778 4.31667
H13629 28 0.014014 5 0.0555556 3.96429
H13727 121 0.0605606 13 0.144444 2.38512
H13737 24 0.012012 5 0.0555556 4.62501
H13738 27 0.0135135 5 0.0555556 4.11112
H13739 27 0.0135135 5 0.0555556 4.11112
H13740 19 0.00950951 5 0.0555556 5.84211
H13767 42 0.021021 6 0.0666667 3.17143
H13769 13 0.00650651 5 0.0555556 8.53846
H13786 10 0.00500501 5 0.0555556 11.1
H13858 47 0.0235235 8 0.0888889 3.77873
H14072 38 0.019019 5 0.0555556 2.92106
H14077 62 0.031031 11 0.122222 3.93871
H14079 68 0.034034 7 0.0777778 2.2853
H14099 74 0.037037 7 0.0777778 2.1
H14100 85 0.0425425 8 0.0888889 2.08941
H14202 8 0.004004 7 0.0777778 19.425
H14250 128 0.0640641 13 0.144444 2.25468
H14277 14 0.00700701 5 0.0555556 7.92857
H14316 64 0.032032 8 0.0888889 2.775
H14425 66 0.033033 6 0.0666667 2.01818
H14447 61 0.0305305 7 0.0777778 2.54754
H14448 61 0.0305305 7 0.0777778 2.54754
H14520 66 0.033033 8 0.0888889 2.69091
H14521 65 0.0325325 8 0.0888889 2.73231
H14522 65 0.0325325 8 0.0888889 2.73231
H14568 50 0.025025 5 0.0555556 2.22
H14678 20 0.01001 9 0.1 9.99001
H14679 8 0.004004 8 0.0888889 22.2
H15020 33 0.0165165 7 0.0777778 4.7091
H15354 15 0.00750751 5 0.0555556 7.4
H15390 72 0.036036 7 0.0777778 2.15834
H15391 72 0.036036 7 0.0777778 2.15834
H15427 20 0.01001 5 0.0555556 5.55001
H15583 59 0.0295295 9 0.1 3.38644
H15626 75 0.0375375 7 0.0777778 2.072
H15671 65 0.0325325 9 0.1 3.07385
H15672 66 0.033033 9 0.1 3.02728
H15673 80 0.04004 10 0.111111 2.775
H15877 23 0.0115115 5 0.0555556 4.8261
H15957 65 0.0325325 6 0.0666667 2.04923
H15958 65 0.0325325 6 0.0666667 2.04923
H15959 65 0.0325325 6 0.0666667 2.04923
H15998 36 0.018018 5 0.0555556 3.08334
H16125 86 0.043043 8 0.0888889 2.06512
H16126 55 0.0275275 7 0.0777778 2.82546
H16134 44 0.022022 6 0.0666667 3.02728
H16138 87 0.0435435 8 0.0888889 2.04138
H16173 122 0.0610611 11 0.122222 2.00163
H16184 55 0.0275275 5 0.0555556 2.01819
H16322 23 0.0115115 5 0.0555556 4.8261
H16513 23 0.0115115 5 0.0555556 4.8261
H16587 88 0.044044 8 0.0888889 2.01818
H16590 122 0.0610611 16 0.177778 2.91148
H16611 49 0.0245245 7 0.0777778 3.17143
H16613 111 0.0555556 14 0.155556 2.80001
H16617 143 0.0715716 14 0.155556 2.17343
H16619 113 0.0565566 12 0.133333 2.35751
H16621 72 0.036036 10 0.111111 3.08333
H16626 97 0.0485485 11 0.122222 2.51752
H16631 63 0.0315315 7 0.0777778 2.46667
H16637 69 0.0345345 8 0.0888889 2.57392
H16662 37 0.0185185 6 0.0666667 3.60001
H16663 38 0.019019 6 0.0666667 3.50527
H16664 38 0.019019 6 0.0666667 3.50527
H16701 57 0.0285285 8 0.0888889 3.11579
H16702 61 0.0305305 7 0.0777778 2.54754
H16706 122 0.0610611 11 0.122222 2.00163
H16735 97 0.0485485 10 0.111111 2.28866
H16789 47 0.0235235 6 0.0666667 2.83405
H16790 47 0.0235235 6 0.0666667 2.83405
H16791 47 0.0235235 6 0.0666667 2.83405
H16840 34 0.017017 5 0.0555556 3.26471
H16875 54 0.027027 5 0.0555556 2.05556
H16876 54 0.027027 5 0.0555556 2.05556
H16883 32 0.016016 7 0.0777778 4.85626
H16884 40 0.02002 8 0.0888889 4.44
H16885 32 0.016016 7 0.0777778 4.85626
H16891 35 0.0175175 7 0.0777778 4.44001
H16892 32 0.016016 7 0.0777778 4.85626
H16893 33 0.0165165 7 0.0777778 4.7091
H16894 33 0.0165165 7 0.0777778 4.7091
H17156 32 0.016016 7 0.0777778 4.85626
H17275 28 0.014014 6 0.0666667 4.75715
H17276 32 0.016016 8 0.0888889 5.55001
H17277 34 0.017017 8 0.0888889 5.22354
H17365 30 0.015015 5 0.0555556 3.70001
H17404 16 0.00800801 6 0.0666667 8.325
H17410 39 0.0195195 5 0.0555556 2.84616
H17433 63 0.0315315 9 0.1 3.17143
H17544 15 0.00750751 5 0.0555556 7.4
H17545 15 0.00750751 5 0.0555556 7.4
H17592 44 0.022022 5 0.0555556 2.52273
H17595 35 0.0175175 5 0.0555556 3.17143
H17596 35 0.0175175 5 0.0555556 3.17143
H17597 34 0.017017 5 0.0555556 3.26471
H17598 35 0.0175175 5 0.0555556 3.17143
H17636 54 0.027027 7 0.0777778 2.87778
H17734 77 0.0385385 9 0.1 2.59481
H17736 104 0.0520521 12 0.133333 2.56153
H17851 28 0.014014 5 0.0555556 3.96429
H17852 28 0.014014 5 0.0555556 3.96429
H18027 43 0.0215215 5 0.0555556 2.5814
H18048 59 0.0295295 6 0.0666667 2.25763
H18156 50 0.025025 10 0.111111 4.44
H18212 26 0.013013 6 0.0666667 5.12308
H18341 21 0.0105105 5 0.0555556 5.28572
H18342 22 0.011011 5 0.0555556 5.04546
H18364 17 0.00850851 5 0.0555556 6.52942
H18365 17 0.00850851 5 0.0555556 6.52942
H18404 44 0.022022 8 0.0888889 4.03637
H18405 44 0.022022 8 0.0888889 4.03637
H18420 46 0.023023 5 0.0555556 2.41305
H18452 21 0.0105105 7 0.0777778 7.40001
H18665 92 0.046046 9 0.1 2.17174
H18667 97 0.0485485 10 0.111111 2.28866
H18670 99 0.0495495 13 0.144444 2.91515
H18672 88 0.044044 9 0.1 2.27046
H18774 40 0.02002 5 0.0555556 2.775
H18815 28 0.014014 7 0.0777778 5.55001
H19013 43 0.0215215 6 0.0666667 3.09768
H19053 85 0.0425425 8 0.0888889 2.08941
H19063 33 0.0165165 5 0.0555556 3.36364
H19065 55 0.0275275 8 0.0888889 3.22909
H19092 37 0.0185185 5 0.0555556 3.00001
H19370 17 0.00850851 5 0.0555556 6.52942
H19568 64 0.032032 7 0.0777778 2.42813
H19748 45 0.0225225 7 0.0777778 3.45334
H19980 96 0.048048 10 0.111111 2.3125
H20059 91 0.0455455 10 0.111111 2.43956
H20061 123 0.0615616 13 0.144444 2.34633
H20065 44 0.022022 5 0.0555556 2.52273
H20066 44 0.022022 5 0.0555556 2.52273
H20067 44 0.022022 5 0.0555556 2.52273
H20292 11 0.00550551 5 0.0555556 10.0909
H20293 14 0.00700701 5 0.0555556 7.92857
H20381 85 0.0425425 8 0.0888889 2.08941
H20402 44 0.022022 7 0.0777778 3.53182
H20475 44 0.022022 7 0.0777778 3.53182
H20476 44 0.022022 8 0.0888889 4.03637
H20635 83 0.0415415 8 0.0888889 2.13976
H20793 46 0.023023 6 0.0666667 2.89566
H20807 26 0.013013 5 0.0555556 4.26924
H20971 9 0.0045045 7 0.0777778 17.2667
H21049 72 0.036036 7 0.0777778 2.15834
H21306 44 0.022022 5 0.0555556 2.52273
H21307 44 0.022022 5 0.0555556 2.52273
H21308 44 0.022022 5 0.0555556 2.52273
H21309 44 0.022022 5 0.0555556 2.52273
H21364 48 0.024024 8 0.0888889 3.7
H21365 46 0.023023 5 0.0555556 2.41305
H21366 39 0.0195195 5 0.0555556 2.84616
H21367 42 0.021021 5 0.0555556 2.64286
H21407 63 0.0315315 6 0.0666667 2.11429
H21423 45 0.0225225 7 0.0777778 3.45334
H21453 39 0.0195195 5 0.0555556 2.84616
H21633 45 0.0225225 5 0.0555556 2.46667
H21657 12 0.00600601 5 0.0555556 9.25
H21725 67 0.0335335 8 0.0888889 2.65075
H21754 33 0.0165165 7 0.0777778 4.7091
H21860 18 0.00900901 5 0.0555556 6.16667
H21914 58 0.029029 6 0.0666667 2.29656
H22257 43 0.0215215 5 0.0555556 2.5814
H22258 64 0.032032 7 0.0777778 2.42813
H22259 43 0.0215215 5 0.0555556 2.5814
H22260 64 0.032032 7 0.0777778 2.42813
H22261 43 0.0215215 5 0.0555556 2.5814
H22325 16 0.00800801 5 0.0555556 6.9375
H22373 29 0.0145145 6 0.0666667 4.59311
H22374 40 0.02002 7 0.0777778 3.885
H22375 31 0.0155155 6 0.0666667 4.29678
H22376 28 0.014014 6 0.0666667 4.75715
H22377 28 0.014014 6 0.0666667 4.75715
H22424 36 0.018018 9 0.1 5.55001
H22425 36 0.018018 9 0.1 5.55001
H22428 46 0.023023 8 0.0888889 3.86087
H22656 10 0.00500501 5 0.0555556 11.1
H22657 14 0.00700701 5 0.0555556 7.92857
H22682 20 0.01001 6 0.0666667 6.66001
H22683 35 0.0175175 6 0.0666667 3.80572
H22684 35 0.0175175 6 0.0666667 3.80572
H22685 35 0.0175175 6 0.0666667 3.80572
H22686 20 0.01001 6 0.0666667 6.66001
H22687 35 0.0175175 6 0.0666667 3.80572
H22688 35 0.0175175 6 0.0666667 3.80572
H22689 35 0.0175175 6 0.0666667 3.80572
H22791 36 0.018018 9 0.1 5.55001
H22792 39 0.0195195 9 0.1 5.12308
H22793 40 0.02002 9 0.1 4.995
H22794 34 0.017017 9 0.1 5.87648
H22795 32 0.016016 7 0.0777778 4.85626
H22885 33 0.0165165 5 0.0555556 3.36364
H23000 15 0.00750751 5 0.0555556 7.4
H23049 12 0.00600601 5 0.0555556 9.25
H23050 12 0.00600601 5 0.0555556 9.25
H23051 13 0.00650651 5 0.0555556 8.53846
H23064 47 0.0235235 5 0.0555556 2.36171
H23168 37 0.0185185 5 0.0555556 3.00001
H23222 45 0.0225225 5 0.0555556 2.46667
H23487 79 0.0395395 8 0.0888889 2.2481
H23529 47 0.0235235 5 0.0555556 2.36171
H23530 47 0.0235235 5 0.0555556 2.36171
H23531 47 0.0235235 5 0.0555556 2.36171
H23618 65 0.0325325 8 0.0888889 2.73231
H24055 40 0.02002 5 0.0555556 2.775
H24071 26 0.013013 5 0.0555556 4.26924
H24073 28 0.014014 5 0.0555556 3.96429
H24151 84 0.042042 8 0.0888889 2.11429
H24192 31 0.0155155 5 0.0555556 3.58065
H24299 34 0.017017 5 0.0555556 3.26471
H24300 34 0.017017 5 0.0555556 3.26471
H24310 24 0.012012 5 0.0555556 4.62501
H24374 54 0.027027 5 0.0555556 2.05556
H24426 34 0.017017 7 0.0777778 4.57059
H24427 33 0.0165165 6 0.0666667 4.03637
H24428 33 0.0165165 6 0.0666667 4.03637
H24429 33 0.0165165 6 0.0666667 4.03637
H24430 31 0.0155155 6 0.0666667 4.29678
H24431 14 0.00700701 6 0.0666667 9.51429
H24461 64 0.032032 6 0.0666667 2.08125
H24462 64 0.032032 6 0.0666667 2.08125
H24463 64 0.032032 6 0.0666667 2.08125
H24597 52 0.026026 5 0.0555556 2.13462
H24599 37 0.0185185 5 0.0555556 3.00001
H24801 73 0.0365365 7 0.0777778 2.12877
H24884 76 0.038038 7 0.0777778 2.04474
H24894 18 0.00900901 7 0.0777778 8.63333
H25006 16 0.00800801 5 0.0555556 6.9375
H25027 66 0.033033 6 0.0666667 2.01818
H25182 44 0.022022 5 0.0555556 2.52273
H25324 49 0.0245245 7 0.0777778 3.17143
H25325 43 0.0215215 6 0.0666667 3.09768
H25419 74 0.037037 7 0.0777778 2.1
H25469 66 0.033033 8 0.0888889 2.69091
H25587 35 0.0175175 6 0.0666667 3.80572
H25665 60 0.03003 8 0.0888889 2.96
H25666 65 0.0325325 8 0.0888889 2.73231
H25678 76 0.038038 7 0.0777778 2.04474
H25683 94 0.047047 9 0.1 2.12553
H25717 38 0.019019 7 0.0777778 4.08948
H25719 67 0.0335335 8 0.0888889 2.65075
H25907 18 0.00900901 5 0.0555556 6.16667
H25908 17 0.00850851 5 0.0555556 6.52942
H25909 15 0.00750751 5 0.0555556 7.4
H25910 13 0.00650651 5 0.0555556 8.53846
H25911 17 0.00850851 5 0.0555556 6.52942
H25925 31 0.0155155 5 0.0555556 3.58065
H25931 39 0.0195195 5 0.0555556 2.84616
H25939 91 0.0455455 9 0.1 2.19561
H25966 102 0.0510511 12 0.133333 2.61176
H25972 135 0.0675676 15 0.166667 2.46667
H26101 17 0.00850851 5 0.0555556 6.52942
H26949 47 0.0235235 6 0.0666667 2.83405
H27220 44 0.022022 8 0.0888889 4.03637
H27448 62 0.031031 8 0.0888889 2.86452
H27449 53 0.0265265 6 0.0666667 2.51321
H27450 59 0.0295295 6 0.0666667 2.25763
H27483 36 0.018018 6 0.0666667 3.70001
H27885 38 0.019019 6 0.0666667 3.50527
H27887 20 0.01001 7 0.0777778 7.77001
H27894 81 0.0405405 8 0.0888889 2.1926
H28105 116 0.0580581 12 0.133333 2.29654
H28164 14 0.00700701 7 0.0777778 11.1
H28287 83 0.0415415 8 0.0888889 2.13976
H28402 21 0.0105105 5 0.0555556 5.28572
H28432 71 0.0355355 8 0.0888889 2.50141
H28433 71 0.0355355 8 0.0888889 2.50141
H28434 71 0.0355355 8 0.0888889 2.50141
H28435 71 0.0355355 8 0.0888889 2.50141
H28436 71 0.0355355 8 0.0888889 2.50141
H28471 16 0.00800801 5 0.0555556 6.9375
H28472 16 0.00800801 5 0.0555556 6.9375
H28473 16 0.00800801 5 0.0555556 6.9375
H28474 16 0.00800801 5 0.0555556 6.9375
H28475 16 0.00800801 5 0.0555556 6.9375
H28479 35 0.0175175 5 0.0555556 3.17143
H28480 34 0.017017 5 0.0555556 3.26471
H28481 34 0.017017 5 0.0555556 3.26471
H28605 13 0.00650651 6 0.0666667 10.2462
H28790 34 0.017017 6 0.0666667 3.91765
H28792 26 0.013013 5 0.0555556 4.26924
H28979 29 0.0145145 5 0.0555556 3.82759
H28980 29 0.0145145 5 0.0555556 3.82759
H29034 39 0.0195195 7 0.0777778 3.98462
H29358 37 0.0185185 5 0.0555556 3.00001
H29359 39 0.0195195 5 0.0555556 2.84616
H29360 30 0.015015 5 0.0555556 3.70001
H29363 63 0.0315315 8 0.0888889 2.81905
H29364 63 0.0315315 8 0.0888889 2.81905
H29365 63 0.0315315 8 0.0888889 2.81905
H29485 66 0.033033 6 0.0666667 2.01818
H29518 12 0.00600601 5 0.0555556 9.25
H29523 43 0.0215215 5 0.0555556 2.5814
H29524 39 0.0195195 5 0.0555556 2.84616
H29525 35 0.0175175 5 0.0555556 3.17143
H29526 61 0.0305305 7 0.0777778 2.54754
H29527 43 0.0215215 5 0.0555556 2.5814
H29528 24 0.012012 5 0.0555556 4.62501
H29529 51 0.0255255 5 0.0555556 2.17647
H29530 51 0.0255255 5 0.0555556 2.17647
H29531 43 0.0215215 5 0.0555556 2.5814
H29596 45 0.0225225 5 0.0555556 2.46667
H29996 64 0.032032 7 0.0777778 2.42813
H30409 19 0.00950951 5 0.0555556 5.84211
H30410 19 0.00950951 5 0.0555556 5.84211
H30442 80 0.04004 8 0.0888889 2.22
H30670 9 0.0045045 5 0.0555556 12.3334
H30671 9 0.0045045 5 0.0555556 12.3334
H30832 29 0.0145145 6 0.0666667 4.59311
H30993 65 0.0325325 6 0.0666667 2.04923
H30998 65 0.0325325 6 0.0666667 2.04923
H30999 65 0.0325325 6 0.0666667 2.04923
H31000 65 0.0325325 6 0.0666667 2.04923
H31023 58 0.029029 6 0.0666667 2.29656
H31059 65 0.0325325 6 0.0666667 2.04923
H31060 65 0.0325325 6 0.0666667 2.04923
H31061 65 0.0325325 6 0.0666667 2.04923
H31062 65 0.0325325 6 0.0666667 2.04923
H31067 65 0.0325325 6 0.0666667 2.04923
H31068 65 0.0325325 6 0.0666667 2.04923
H31069 65 0.0325325 6 0.0666667 2.04923
H31092 65 0.0325325 6 0.0666667 2.04923
H31093 65 0.0325325 6 0.0666667 2.04923
H31094 65 0.0325325 6 0.0666667 2.04923
H31095 65 0.0325325 6 0.0666667 2.04923
H31100 65 0.0325325 6 0.0666667 2.04923
H31101 65 0.0325325 6 0.0666667 2.04923
H31102 80 0.04004 8 0.0888889 2.22
H31131 65 0.0325325 6 0.0666667 2.04923
H31132 65 0.0325325 6 0.0666667 2.04923
H31133 66 0.033033 6 0.0666667 2.01818
H31180 58 0.029029 6 0.0666667 2.29656
H31181 58 0.029029 6 0.0666667 2.29656
H31182 58 0.029029 6 0.0666667 2.29656
H31183 58 0.029029 6 0.0666667 2.29656
H31187 65 0.0325325 6 0.0666667 2.04923
H31188 65 0.0325325 6 0.0666667 2.04923
H31189 80 0.04004 8 0.0888889 2.22
H31199 65 0.0325325 6 0.0666667 2.04923
H31200 65 0.0325325 6 0.0666667 2.04923
H31201 80 0.04004 8 0.0888889 2.22
H31203 65 0.0325325 6 0.0666667 2.04923
H31204 65 0.0325325 6 0.0666667 2.04923
H31205 65 0.0325325 6 0.0666667 2.04923
H31206 62 0.031031 6 0.0666667 2.14839
H31313 2 0.001001 5 0.0555556 55.5001
H31493 32 0.016016 7 0.0777778 4.85626
H31562 29 0.0145145 7 0.0777778 5.35863
H31633 65 0.0325325 6 0.0666667 2.04923
H31634 65 0.0325325 6 0.0666667 2.04923
H31635 65 0.0325325 6 0.0666667 2.04923
H31636 65 0.0325325 6 0.0666667 2.04923
H31637 65 0.0325325 6 0.0666667 2.04923
H31638 65 0.0325325 6 0.0666667 2.04923
H31649 26 0.013013 8 0.0888889 6.83078
H31704 2 0.001001 5 0.0555556 55.5001
H31777 8 0.004004 7 0.0777778 19.425
H31856 82 0.041041 12 0.133333 3.24878
H32003 9 0.0045045 7 0.0777778 17.2667
H32431 65 0.0325325 6 0.0666667 2.04923
H32432 65 0.0325325 6 0.0666667 2.04923
H32433 62 0.031031 6 0.0666667 2.14839
H32434 65 0.0325325 6 0.0666667 2.04923
H32435 62 0.031031 6 0.0666667 2.14839
H32442 65 0.0325325 6 0.0666667 2.04923
H32443 65 0.0325325 6 0.0666667 2.04923
H32444 80 0.04004 8 0.0888889 2.22
H32531 7 0.0035035 5 0.0555556 15.8572
H32532 7 0.0035035 5 0.0555556 15.8572
H32533 7 0.0035035 5 0.0555556 15.8572
H32534 7 0.0035035 5 0.0555556 15.8572
H32535 7 0.0035035 5 0.0555556 15.8572
H32536 7 0.0035035 5 0.0555556 15.8572
H32537 43 0.0215215 5 0.0555556 2.5814
H32538 8 0.004004 5 0.0555556 13.875
H32707 32 0.016016 7 0.0777778 4.85626
H32811 65 0.0325325 6 0.0666667 2.04923
H32813 65 0.0325325 6 0.0666667 2.04923
H32814 65 0.0325325 6 0.0666667 2.04923
H32837 58 0.029029 6 0.0666667 2.29656
H32838 58 0.029029 6 0.0666667 2.29656
H32839 65 0.0325325 6 0.0666667 2.04923
H32840 65 0.0325325 6 0.0666667 2.04923
H32848 26 0.013013 8 0.0888889 6.83078
H32910 2 0.001001 5 0.0555556 55.5001
H32984 8 0.004004 7 0.0777778 19.425
H33197 9 0.0045045 7 0.0777778 17.2667
H33291 27 0.0135135 5 0.0555556 4.11112
H33360 31 0.0155155 5 0.0555556 3.58065
H33487 24 0.012012 5 0.0555556 4.62501
H33488 24 0.012012 5 0.0555556 4.62501
H33535 58 0.029029 6 0.0666667 2.29656
H33542 65 0.0325325 6 0.0666667 2.04923
H33560 64 0.032032 6 0.0666667 2.08125
