H00004 128 0.0639041 11 0.129412 2.0251
H00038 28 0.013979 5 0.0588235 4.20799
H00125 33 0.0164753 9 0.105882 6.42671
H00127 66 0.0329506 7 0.0823529 2.49928
H00169 23 0.0114828 7 0.0823529 7.17185
H00185 43 0.0214678 5 0.0588235 2.74008
H00208 67 0.0334498 6 0.0705882 2.11027
H00303 70 0.0349476 9 0.105882 3.02974
H00406 26 0.0129805 5 0.0588235 4.53168
H00500 38 0.0189715 7 0.0823529 4.34087
H00501 25 0.0124813 6 0.0705882 5.65552
H00566 67 0.0334498 6 0.0705882 2.11027
H00567 70 0.0349476 6 0.0705882 2.01983
H00595 102 0.0509236 10 0.117647 2.31026
H00596 102 0.0509236 10 0.117647 2.31026
H00597 102 0.0509236 10 0.117647 2.31026
H00598 102 0.0509236 10 0.117647 2.31026
H00647 43 0.0214678 5 0.0588235 2.74008
H00766 24 0.011982 5 0.0588235 4.90932
H00883 9 0.00449326 6 0.0705882 15.7098
H00884 105 0.0524214 13 0.152941 2.91753
H00889 58 0.0289566 5 0.0588235 2.03144
H00912 47 0.0234648 9 0.105882 4.51238
H00913 47 0.0234648 9 0.105882 4.51238
H01027 26 0.0129805 5 0.0588235 4.53168
H01028 27 0.0134798 6 0.0705882 5.23659
H01029 15 0.00748877 5 0.0588235 7.85489
H01031 36 0.017973 6 0.0705882 3.92746
H01032 38 0.0189715 8 0.0941176 4.961
H01075 16 0.00798802 7 0.0823529 10.3096
H01136 65 0.0324513 6 0.0705882 2.1752
H01147 46 0.0229656 5 0.0588235 2.56137
H01148 36 0.017973 5 0.0588235 3.27288
H01211 122 0.0609086 11 0.129412 2.12469
H01214 122 0.0609086 11 0.129412 2.12469
H01215 122 0.0609086 11 0.129412 2.12469
H01252 20 0.00998502 6 0.0705882 7.06941
H01258 66 0.0329506 8 0.0941176 2.85632
H01281 84 0.0419371 10 0.117647 2.80532
H01465 51 0.0254618 5 0.0588235 2.31026
H01510 69 0.0344483 11 0.129412 3.7567
H01532 102 0.0509236 12 0.141176 2.77231
H01635 30 0.0149775 5 0.0588235 3.92746
H01636 30 0.0149775 5 0.0588235 3.92746
H01713 59 0.0294558 6 0.0705882 2.39641
H01765 42 0.0209685 9 0.105882 5.04957
H01821 18 0.00898652 6 0.0705882 7.8549
H01904 49 0.0244633 9 0.105882 4.3282
H01905 47 0.0234648 9 0.105882 4.51238
H02054 15 0.00748877 5 0.0588235 7.85489
H02089 31 0.0154768 5 0.0588235 3.80075
H02092 44 0.021967 5 0.0588235 2.67781
H02144 67 0.0334498 6 0.0705882 2.11027
H02145 76 0.0379431 7 0.0823529 2.17043
H02149 99 0.0494259 9 0.105882 2.14224
H02150 75 0.0374438 9 0.105882 2.82776
H02154 22 0.0109835 7 0.0823529 7.49787
H02171 107 0.0534199 12 0.141176 2.64276
H02172 88 0.0439341 13 0.152941 3.48115
H02173 127 0.0634049 12 0.141176 2.22658
H02174 47 0.0234648 5 0.0588235 2.50688
H02175 47 0.0234648 5 0.0588235 2.50688
H02186 46 0.0229656 5 0.0588235 2.56137
H02205 31 0.0154768 6 0.0705882 4.5609
H02248 47 0.0234648 9 0.105882 4.51238
H02255 39 0.0194708 6 0.0705882 3.62534
H02256 40 0.01997 6 0.0705882 3.53471
H02257 40 0.01997 6 0.0705882 3.53471
H02258 40 0.01997 6 0.0705882 3.53471
H02259 40 0.01997 7 0.0823529 4.12383
H02260 36 0.017973 7 0.0823529 4.58203
H02261 40 0.01997 6 0.0705882 3.53471
H02262 38 0.0189715 6 0.0705882 3.72075
H02263 40 0.01997 6 0.0705882 3.53471
H02264 39 0.0194708 6 0.0705882 3.62534
H02265 38 0.0189715 6 0.0705882 3.72075
H02266 36 0.017973 6 0.0705882 3.92746
H02267 39 0.0194708 6 0.0705882 3.62534
H02268 36 0.017973 6 0.0705882 3.92746
H02269 39 0.0194708 6 0.0705882 3.62534
H02371 44 0.021967 6 0.0705882 3.21337
H02372 44 0.021967 6 0.0705882 3.21337
H02373 42 0.0209685 6 0.0705882 3.36639
H02428 63 0.0314528 6 0.0705882 2.24426
H02437 46 0.0229656 5 0.0588235 2.56137
H02618 93 0.0464304 10 0.117647 2.53384
H02622 58 0.0289566 5 0.0588235 2.03144
H02645 82 0.0409386 7 0.0823529 2.01162
H02646 80 0.0399401 7 0.0823529 2.06191
H02680 2 0.000998502 5 0.0588235 58.9117
H02771 39 0.0194708 5 0.0588235 3.02111
H02859 70 0.0349476 9 0.105882 3.02974
H03117 90 0.0449326 9 0.105882 2.35646
H03120 113 0.0564154 10 0.117647 2.08537
H03121 77 0.0384423 9 0.105882 2.75431
H03122 86 0.0429356 8 0.0941176 2.19206
H03124 98 0.0489266 14 0.164706 3.36639
H03125 100 0.0499251 12 0.141176 2.82776
H03126 104 0.0519221 12 0.141176 2.719
H03128 75 0.0374438 8 0.0941176 2.51357
H03129 111 0.0554169 10 0.117647 2.12294
H03133 105 0.0524214 10 0.117647 2.24426
H03134 109 0.0544184 10 0.117647 2.1619
H03135 31 0.0154768 6 0.0705882 4.5609
H03139 71 0.0354468 11 0.129412 3.65088
H03140 95 0.0474289 12 0.141176 2.97658
H03142 108 0.0539191 11 0.129412 2.40011
H03146 100 0.0499251 12 0.141176 2.82776
H03149 92 0.0459311 11 0.129412 2.81752
H03150 91 0.0454319 10 0.117647 2.58952
H03151 140 0.0698952 12 0.141176 2.01982
H03152 114 0.0569146 12 0.141176 2.48049
H03154 70 0.0349476 8 0.0941176 2.69311
H03156 90 0.0449326 12 0.141176 3.14195
H03200 47 0.0234648 5 0.0588235 2.50688
H03201 49 0.0244633 7 0.0823529 3.36639
H03211 25 0.0124813 5 0.0588235 4.71293
H03227 5 0.00249626 7 0.0823529 32.9905
H03247 33 0.0164753 8 0.0941176 5.71265
H03260 45 0.0224663 7 0.0823529 3.66562
H03283 2 0.000998502 6 0.0705882 70.6941
H03300 50 0.0249626 5 0.0588235 2.35647
H03334 37 0.0184723 7 0.0823529 4.45818
H03372 49 0.0244633 5 0.0588235 2.40456
H03374 9 0.00449326 5 0.0588235 13.0915
H03424 48 0.0239641 10 0.117647 4.9093
H03446 20 0.00998502 6 0.0705882 7.06941
H03456 103 0.0514229 10 0.117647 2.28783
H03490 85 0.0424363 12 0.141176 3.32677
H03491 85 0.0424363 13 0.152941 3.60401
H03492 85 0.0424363 12 0.141176 3.32677
H03493 85 0.0424363 13 0.152941 3.60401
H03495 7 0.00349476 6 0.0705882 20.1983
H03497 107 0.0534199 12 0.141176 2.64276
H03572 52 0.0259611 5 0.0588235 2.26583
H03580 80 0.0399401 8 0.0941176 2.35647
H03674 101 0.0504244 14 0.164706 3.26639
H03718 36 0.017973 5 0.0588235 3.27288
H03724 49 0.0244633 9 0.105882 4.3282
H03816 38 0.0189715 5 0.0588235 3.10062
H03817 40 0.01997 5 0.0588235 2.94559
H03818 27 0.0134798 6 0.0705882 5.23659
H03819 27 0.0134798 6 0.0705882 5.23659
H03820 29 0.0144783 5 0.0588235 4.06287
H03821 39 0.0194708 6 0.0705882 3.62534
H03822 24 0.011982 6 0.0705882 5.89119
H03823 24 0.011982 6 0.0705882 5.89119
H03824 24 0.011982 6 0.0705882 5.89119
H03835 52 0.0259611 7 0.0823529 3.17217
H03893 76 0.0379431 7 0.0823529 2.17043
H03939 53 0.0264603 7 0.0823529 3.11232
H04055 35 0.0174738 5 0.0588235 3.36638
H04066 30 0.0149775 11 0.129412 8.64043
H04096 27 0.0134798 6 0.0705882 5.23659
H04097 35 0.0174738 6 0.0705882 4.03966
H04104 32 0.015976 6 0.0705882 4.41839
H04106 27 0.0134798 6 0.0705882 5.23659
H04115 85 0.0424363 11 0.129412 3.04956
H04150 98 0.0489266 12 0.141176 2.88547
H04193 105 0.0524214 10 0.117647 2.24426
H04194 109 0.0544184 11 0.129412 2.37809
H04199 2 0.000998502 6 0.0705882 70.6941
H04205 38 0.0189715 7 0.0823529 4.34087
H04293 50 0.0249626 5 0.0588235 2.35647
H04352 88 0.0439341 12 0.141176 3.21336
H04393 38 0.0189715 7 0.0823529 4.34087
H04461 40 0.01997 5 0.0588235 2.94559
H04500 38 0.0189715 5 0.0588235 3.10062
H04502 4 0.001997 5 0.0588235 29.4559
H04503 3 0.00149775 6 0.0705882 47.1295
H04510 29 0.0144783 6 0.0705882 4.87545
H04511 88 0.0439341 9 0.105882 2.41002
H04518 34 0.0169745 5 0.0588235 3.4654
H04540 33 0.0164753 5 0.0588235 3.57041
H04541 32 0.015976 5 0.0588235 3.68199
H04542 34 0.0169745 5 0.0588235 3.4654
H04543 23 0.0114828 5 0.0588235 5.12275
H04594 121 0.0604094 12 0.141176 2.33699
H04597 9 0.00449326 6 0.0705882 15.7098
H04598 9 0.00449326 6 0.0705882 15.7098
H04698 103 0.0514229 9 0.105882 2.05904
H04699 105 0.0524214 9 0.105882 2.01982
H04712 31 0.0154768 5 0.0588235 3.80075
H04713 31 0.0154768 5 0.0588235 3.80075
H04716 43 0.0214678 5 0.0588235 2.74008
H04727 65 0.0324513 7 0.0823529 2.53774
H04835 14 0.00698952 10 0.117647 16.8319
H04843 22 0.0109835 5 0.0588235 5.35562
H04899 34 0.0169745 5 0.0588235 3.4654
H04966 27 0.0134798 5 0.0588235 4.36383
H05081 28 0.013979 5 0.0588235 4.20799
H05106 42 0.0209685 5 0.0588235 2.80533
H05121 115 0.0574139 11 0.129412 2.25402
H05230 38 0.0189715 5 0.0588235 3.10062
H05324 38 0.0189715 6 0.0705882 3.72075
H05325 42 0.0209685 7 0.0823529 3.92746
H05356 37 0.0184723 7 0.0823529 4.45818
H05660 57 0.0284573 5 0.0588235 2.06708
H05678 35 0.0174738 5 0.0588235 3.36638
H05679 22 0.0109835 5 0.0588235 5.35562
H05755 21 0.0104843 5 0.0588235 5.61063
H05756 21 0.0104843 5 0.0588235 5.61063
H05757 21 0.0104843 5 0.0588235 5.61063
H05774 67 0.0334498 7 0.0823529 2.46198
H05775 67 0.0334498 7 0.0823529 2.46198
H05915 20 0.00998502 7 0.0823529 8.24764
H05933 131 0.0654019 12 0.141176 2.15859
H05937 126 0.0629056 14 0.164706 2.6183
H05942 46 0.0229656 5 0.0588235 2.56137
H06028 74 0.0369446 9 0.105882 2.86597
H06057 53 0.0264603 5 0.0588235 2.22309
H06072 47 0.0234648 9 0.105882 4.51238
H06073 47 0.0234648 9 0.105882 4.51238
H06141 41 0.0204693 7 0.0823529 4.02324
H06146 47 0.0234648 8 0.0941176 4.01101
H06149 98 0.0489266 13 0.152941 3.12593
H06155 39 0.0194708 6 0.0705882 3.62534
H06177 42 0.0209685 5 0.0588235 2.80533
H06313 35 0.0174738 5 0.0588235 3.36638
H06317 43 0.0214678 5 0.0588235 2.74008
H06318 43 0.0214678 5 0.0588235 2.74008
H06319 34 0.0169745 5 0.0588235 3.4654
H06322 48 0.0239641 5 0.0588235 2.45465
H06377 21 0.0104843 5 0.0588235 5.61063
H06378 21 0.0104843 5 0.0588235 5.61063
H06379 21 0.0104843 5 0.0588235 5.61063
H06400 8 0.00399401 8 0.0941176 23.5647
H06419 44 0.021967 8 0.0941176 4.2845
H06476 43 0.0214678 13 0.152941 7.1242
H06477 47 0.0234648 12 0.141176 6.0165
H06478 52 0.0259611 13 0.152941 5.89116
H06496 51 0.0254618 5 0.0588235 2.31026
H06505 51 0.0254618 8 0.0941176 3.69642
H06560 116 0.0579131 12 0.141176 2.43772
H06629 24 0.011982 6 0.0705882 5.89119
H06649 36 0.017973 8 0.0941176 5.23661
H06729 22 0.0109835 6 0.0705882 6.42675
H06730 27 0.0134798 6 0.0705882 5.23659
H06732 35 0.0174738 8 0.0941176 5.38621
H06779 45 0.0224663 5 0.0588235 2.6183
H06889 119 0.0594109 11 0.129412 2.17825
H06904 15 0.00748877 6 0.0705882 9.42587
H06941 56 0.0279581 5 0.0588235 2.10399
H07039 32 0.015976 9 0.105882 6.62757
H07089 37 0.0184723 5 0.0588235 3.18442
H07203 31 0.0154768 10 0.117647 7.60151
H07233 58 0.0289566 8 0.0941176 3.2503
H07234 13 0.00649026 6 0.0705882 10.876
H07236 29 0.0144783 8 0.0941176 6.5006
H07243 49 0.0244633 8 0.0941176 3.8473
H07355 39 0.0194708 5 0.0588235 3.02111
H07373 28 0.013979 6 0.0705882 5.04959
H07382 40 0.01997 6 0.0705882 3.53471
H07409 18 0.00898652 5 0.0588235 6.54575
H07433 27 0.0134798 5 0.0588235 4.36383
H07520 118 0.0589116 12 0.141176 2.3964
H07521 47 0.0234648 5 0.0588235 2.50688
H07524 40 0.01997 10 0.117647 5.89119
H07525 26 0.0129805 5 0.0588235 4.53168
H07526 26 0.0129805 5 0.0588235 4.53168
H07650 43 0.0214678 5 0.0588235 2.74008
H07679 28 0.013979 5 0.0588235 4.20799
H07770 125 0.0624064 11 0.129412 2.0737
H07775 100 0.0499251 11 0.129412 2.59212
H07776 67 0.0334498 10 0.117647 3.51712
H07787 117 0.0584124 11 0.129412 2.21549
H07792 56 0.0279581 10 0.117647 4.20798
H07810 78 0.0389416 8 0.0941176 2.41689
H07811 78 0.0389416 7 0.0823529 2.11478
H07812 67 0.0334498 6 0.0705882 2.11027
H07813 63 0.0314528 7 0.0823529 2.6183
H07814 67 0.0334498 6 0.0705882 2.11027
H07815 70 0.0349476 6 0.0705882 2.01983
H07816 36 0.017973 8 0.0941176 5.23661
H07855 53 0.0264603 5 0.0588235 2.22309
H07878 33 0.0164753 6 0.0705882 4.28449
H07900 66 0.0329506 9 0.105882 3.21336
H07927 33 0.0164753 6 0.0705882 4.28449
H07932 40 0.01997 5 0.0588235 2.94559
H07964 44 0.021967 5 0.0588235 2.67781
H08030 27 0.0134798 10 0.117647 8.72765
H08092 93 0.0464304 8 0.0941176 2.02707
H08117 84 0.0419371 14 0.164706 3.92745
H08121 21 0.0104843 11 0.129412 12.3434
H08151 31 0.0154768 12 0.141176 9.12178
H08161 86 0.0429356 9 0.105882 2.46607
H08194 24 0.011982 6 0.0705882 5.89119
H08216 42 0.0209685 5 0.0588235 2.80533
H08221 5 0.00249626 6 0.0705882 28.2776
H08257 101 0.0504244 13 0.152941 3.03308
H08258 102 0.0509236 13 0.152941 3.00334
H08269 42 0.0209685 5 0.0588235 2.80533
H08323 57 0.0284573 6 0.0705882 2.4805
H08326 57 0.0284573 6 0.0705882 2.4805
H08369 25 0.0124813 8 0.0941176 7.54069
H08370 29 0.0144783 8 0.0941176 6.5006
H08454 35 0.0174738 5 0.0588235 3.36638
H08456 38 0.0189715 5 0.0588235 3.10062
H08459 88 0.0439341 8 0.0941176 2.14224
H08508 56 0.0279581 5 0.0588235 2.10399
H08509 56 0.0279581 5 0.0588235 2.10399
H08514 9 0.00449326 5 0.0588235 13.0915
H08632 21 0.0104843 5 0.0588235 5.61063
H08778 66 0.0329506 9 0.105882 3.21336
H08884 45 0.0224663 6 0.0705882 3.14196
H08903 19 0.00948577 7 0.0823529 8.68173
H08915 45 0.0224663 6 0.0705882 3.14196
H08933 27 0.0134798 6 0.0705882 5.23659
H08934 27 0.0134798 6 0.0705882 5.23659
H08935 27 0.0134798 6 0.0705882 5.23659
H08936 27 0.0134798 6 0.0705882 5.23659
H08941 94 0.0469296 11 0.129412 2.75758
H08942 94 0.0469296 11 0.129412 2.75758
H08943 94 0.0469296 11 0.129412 2.75758
H08944 94 0.0469296 11 0.129412 2.75758
H08945 94 0.0469296 11 0.129412 2.75758
H08946 94 0.0469296 11 0.129412 2.75758
H08947 95 0.0474289 11 0.129412 2.72855
H08977 27 0.0134798 5 0.0588235 4.36383
H09079 42 0.0209685 5 0.0588235 2.80533
H09117 75 0.0374438 7 0.0823529 2.19937
H09118 75 0.0374438 7 0.0823529 2.19937
H09154 44 0.021967 5 0.0588235 2.67781
H09172 26 0.0129805 6 0.0705882 5.43802
H09180 40 0.01997 5 0.0588235 2.94559
H09223 41 0.0204693 5 0.0588235 2.87374
H09224 41 0.0204693 5 0.0588235 2.87374
H09243 24 0.011982 6 0.0705882 5.89119
H09248 22 0.0109835 6 0.0705882 6.42675
H09624 87 0.0434348 12 0.141176 3.2503
H09650 126 0.0629056 11 0.129412 2.05724
H09654 71 0.0354468 8 0.0941176 2.65518
H09656 91 0.0454319 13 0.152941 3.36638
H09658 105 0.0524214 14 0.164706 3.14196
H09659 90 0.0449326 14 0.164706 3.66562
H09660 47 0.0234648 8 0.0941176 4.01101
H09663 36 0.017973 8 0.0941176 5.23661
H09718 10 0.00499251 9 0.105882 21.2082
H09813 27 0.0134798 5 0.0588235 4.36383
H09833 26 0.0129805 5 0.0588235 4.53168
H09937 26 0.0129805 5 0.0588235 4.53168
H09951 1 0.000499251 6 0.0705882 141.388
H09952 1 0.000499251 6 0.0705882 141.388
H09953 1 0.000499251 6 0.0705882 141.388
H09954 1 0.000499251 6 0.0705882 141.388
H10018 22 0.0109835 8 0.0941176 8.569
H10169 16 0.00798802 6 0.0705882 8.83676
H10170 16 0.00798802 6 0.0705882 8.83676
H10259 15 0.00748877 7 0.0823529 10.9969
H10267 24 0.011982 5 0.0588235 4.90932
H10271 27 0.0134798 5 0.0588235 4.36383
H10302 107 0.0534199 12 0.141176 2.64276
H10318 110 0.0549176 15 0.176471 3.21338
H10325 38 0.0189715 5 0.0588235 3.10062
H10326 38 0.0189715 5 0.0588235 3.10062
H10364 103 0.0514229 10 0.117647 2.28783
H10365 98 0.0489266 9 0.105882 2.1641
H10366 107 0.0534199 10 0.117647 2.20231
H10367 107 0.0534199 10 0.117647 2.20231
H10368 107 0.0534199 10 0.117647 2.20231
H10369 107 0.0534199 10 0.117647 2.20231
H10500 32 0.015976 8 0.0941176 5.89119
H10558 43 0.0214678 5 0.0588235 2.74008
H10670 92 0.0459311 12 0.141176 3.07365
H10692 161 0.0803794 16 0.188235 2.34183
H10694 29 0.0144783 7 0.0823529 5.68802
H10695 29 0.0144783 7 0.0823529 5.68802
H10696 23 0.0114828 7 0.0823529 7.17185
H10697 27 0.0134798 5 0.0588235 4.36383
H10744 69 0.0344483 7 0.0823529 2.39062
H10800 28 0.013979 5 0.0588235 4.20799
H10837 131 0.0654019 14 0.164706 2.51837
H10844 50 0.0249626 5 0.0588235 2.35647
H10846 9 0.00449326 5 0.0588235 13.0915
H10932 182 0.0908637 16 0.188235 2.07162
H10933 115 0.0574139 11 0.129412 2.25402
H10934 109 0.0544184 10 0.117647 2.1619
H10935 109 0.0544184 10 0.117647 2.1619
H10984 25 0.0124813 5 0.0588235 4.71293
H10985 25 0.0124813 5 0.0588235 4.71293
H11034 13 0.00649026 6 0.0705882 10.876
H11035 8 0.00399401 6 0.0705882 17.6735
H11046 12 0.00599101 5 0.0588235 9.81863
H11047 12 0.00599101 5 0.0588235 9.81863
H11057 59 0.0294558 11 0.129412 4.39343
H11072 34 0.0169745 7 0.0823529 4.85157
H11113 22 0.0109835 5 0.0588235 5.35562
H11154 21 0.0104843 5 0.0588235 5.61063
H11161 10 0.00499251 5 0.0588235 11.7823
H11193 4 0.001997 5 0.0588235 29.4559
H11206 15 0.00748877 5 0.0588235 7.85489
H11231 13 0.00649026 7 0.0823529 12.6887
H11232 14 0.00698952 7 0.0823529 11.7823
H11250 70 0.0349476 8 0.0941176 2.69311
H11484 120 0.0599101 12 0.141176 2.35646
H11485 122 0.0609086 12 0.141176 2.31783
H11517 66 0.0329506 6 0.0705882 2.14224
H11525 42 0.0209685 10 0.117647 5.61065
H11621 24 0.011982 6 0.0705882 5.89119
H11622 24 0.011982 6 0.0705882 5.89119
H11678 46 0.0229656 5 0.0588235 2.56137
H11679 60 0.0299551 7 0.0823529 2.74921
H11681 67 0.0334498 8 0.0941176 2.8137
H11729 29 0.0144783 7 0.0823529 5.68802
H11741 34 0.0169745 5 0.0588235 3.4654
H11742 38 0.0189715 5 0.0588235 3.10062
H11750 47 0.0234648 6 0.0705882 3.00826
H11757 46 0.0229656 5 0.0588235 2.56137
H11842 27 0.0134798 6 0.0705882 5.23659
H11846 48 0.0239641 5 0.0588235 2.45465
H11912 41 0.0204693 5 0.0588235 2.87374
H11913 41 0.0204693 5 0.0588235 2.87374
H11914 41 0.0204693 5 0.0588235 2.87374
H11978 49 0.0244633 7 0.0823529 3.36639
H11992 141 0.0703944 13 0.152941 2.17263
H12177 102 0.0509236 14 0.164706 3.23437
H12190 50 0.0249626 11 0.129412 5.18424
H12191 85 0.0424363 12 0.141176 3.32677
H12219 32 0.015976 8 0.0941176 5.89119
H12221 107 0.0534199 11 0.129412 2.42254
H12222 80 0.0399401 13 0.152941 3.82926
H12223 123 0.0614079 14 0.164706 2.68216
H12226 55 0.0274588 7 0.0823529 2.99914
H12357 52 0.0259611 5 0.0588235 2.26583
H12376 63 0.0314528 6 0.0705882 2.24426
H12377 63 0.0314528 6 0.0705882 2.24426
H12378 67 0.0334498 6 0.0705882 2.11027
H12486 28 0.013979 6 0.0705882 5.04959
H12503 58 0.0289566 5 0.0588235 2.03144
H12504 58 0.0289566 5 0.0588235 2.03144
H12505 58 0.0289566 5 0.0588235 2.03144
H12506 58 0.0289566 5 0.0588235 2.03144
H12521 77 0.0384423 9 0.105882 2.75431
H12522 86 0.0429356 10 0.117647 2.74008
H12543 26 0.0129805 6 0.0705882 5.43802
H12570 123 0.0614079 15 0.176471 2.87375
H12676 96 0.0479281 10 0.117647 2.45466
H12688 79 0.0394408 10 0.117647 2.98288
H12840 30 0.0149775 5 0.0588235 3.92746
H12925 76 0.0379431 10 0.117647 3.10062
H12995 43 0.0214678 5 0.0588235 2.74008
H12996 43 0.0214678 5 0.0588235 2.74008
H12997 43 0.0214678 5 0.0588235 2.74008
H12998 43 0.0214678 5 0.0588235 2.74008
H12999 43 0.0214678 5 0.0588235 2.74008
H13031 51 0.0254618 5 0.0588235 2.31026
H13032 63 0.0314528 7 0.0823529 2.6183
H13033 63 0.0314528 7 0.0823529 2.6183
H13034 63 0.0314528 7 0.0823529 2.6183
H13043 1 0.000499251 6 0.0705882 141.388
H13180 56 0.0279581 5 0.0588235 2.10399
H13235 47 0.0234648 5 0.0588235 2.50688
H13280 35 0.0174738 8 0.0941176 5.38621
H13373 10 0.00499251 7 0.0823529 16.4953
H13374 10 0.00499251 7 0.0823529 16.4953
H13376 10 0.00499251 7 0.0823529 16.4953
H13426 44 0.021967 5 0.0588235 2.67781
H13605 48 0.0239641 5 0.0588235 2.45465
H13606 48 0.0239641 5 0.0588235 2.45465
H13607 48 0.0239641 5 0.0588235 2.45465
H13629 27 0.0134798 6 0.0705882 5.23659
H13727 120 0.0599101 14 0.164706 2.74922
H13737 23 0.0114828 6 0.0705882 6.1473
H13738 26 0.0129805 6 0.0705882 5.43802
H13739 26 0.0129805 6 0.0705882 5.43802
H13740 19 0.00948577 5 0.0588235 6.20124
H13741 21 0.0104843 5 0.0588235 5.61063
H13756 58 0.0289566 8 0.0941176 3.2503
H13767 41 0.0204693 7 0.0823529 4.02324
H13790 30 0.0149775 6 0.0705882 4.71295
H13857 89 0.0444333 12 0.141176 3.17726
H13909 57 0.0284573 5 0.0588235 2.06708
H13911 57 0.0284573 5 0.0588235 2.06708
H13940 123 0.0614079 12 0.141176 2.29899
H14051 102 0.0509236 13 0.152941 3.00334
H14072 33 0.0164753 10 0.117647 7.14081
H14077 62 0.0309536 11 0.129412 4.18084
H14079 69 0.0344483 6 0.0705882 2.04911
H14084 71 0.0354468 7 0.0823529 2.32328
H14127 87 0.0434348 10 0.117647 2.70859
H14128 86 0.0429356 10 0.117647 2.74008
H14129 115 0.0574139 11 0.129412 2.25402
H14155 7 0.00349476 6 0.0705882 20.1983
H14202 6 0.00299551 9 0.105882 35.3469
H14218 12 0.00599101 6 0.0705882 11.7824
H14219 12 0.00599101 6 0.0705882 11.7824
H14220 12 0.00599101 6 0.0705882 11.7824
H14221 14 0.00698952 8 0.0941176 13.4655
H14222 14 0.00698952 8 0.0941176 13.4655
H14223 14 0.00698952 8 0.0941176 13.4655
H14224 14 0.00698952 8 0.0941176 13.4655
H14225 14 0.00698952 8 0.0941176 13.4655
H14242 109 0.0544184 11 0.129412 2.37809
H14244 102 0.0509236 12 0.141176 2.77231
H14245 114 0.0569146 14 0.164706 2.89391
H14248 61 0.0304543 7 0.0823529 2.70415
H14250 125 0.0624064 16 0.188235 3.01628
H14251 132 0.0659011 12 0.141176 2.14224
H14252 71 0.0354468 10 0.117647 3.31897
H14253 100 0.0499251 12 0.141176 2.82776
H14255 95 0.0474289 13 0.152941 3.22464
H14277 14 0.00698952 5 0.0588235 8.41596
H14282 33 0.0164753 6 0.0705882 4.28449
H14290 129 0.0644034 13 0.152941 2.37473
H14316 66 0.0329506 6 0.0705882 2.14224
H14382 16 0.00798802 5 0.0588235 7.36397
H14520 68 0.0339491 6 0.0705882 2.07924
H14521 67 0.0334498 6 0.0705882 2.11027
H14522 67 0.0334498 6 0.0705882 2.11027
H14568 50 0.0249626 5 0.0588235 2.35647
H14619 18 0.00898652 6 0.0705882 7.8549
H14620 18 0.00898652 6 0.0705882 7.8549
H14652 8 0.00399401 5 0.0588235 14.7279
H14653 3 0.00149775 5 0.0588235 39.2746
H14678 19 0.00948577 10 0.117647 12.4025
H14679 6 0.00299551 10 0.117647 39.2744
H14695 1 0.000499251 6 0.0705882 141.388
H14783 44 0.021967 6 0.0705882 3.21337
H14785 44 0.021967 6 0.0705882 3.21337
H14839 26 0.0129805 5 0.0588235 4.53168
H14895 92 0.0459311 13 0.152941 3.32979
H14896 92 0.0459311 13 0.152941 3.32979
H14897 92 0.0459311 13 0.152941 3.32979
H15020 32 0.015976 8 0.0941176 5.89119
H15091 40 0.01997 5 0.0588235 2.94559
H15261 90 0.0449326 10 0.117647 2.6183
H15262 90 0.0449326 10 0.117647 2.6183
H15263 89 0.0444333 10 0.117647 2.64772
H15319 47 0.0234648 5 0.0588235 2.50688
H15320 47 0.0234648 5 0.0588235 2.50688
H15321 47 0.0234648 5 0.0588235 2.50688
H15322 47 0.0234648 5 0.0588235 2.50688
H15323 47 0.0234648 5 0.0588235 2.50688
H15324 47 0.0234648 5 0.0588235 2.50688
H15325 47 0.0234648 5 0.0588235 2.50688
H15326 41 0.0204693 5 0.0588235 2.87374
H15350 111 0.0554169 10 0.117647 2.12294
H15354 14 0.00698952 6 0.0705882 10.0991
H15421 121 0.0604094 11 0.129412 2.14225
H15426 18 0.00898652 5 0.0588235 6.54575
H15427 20 0.00998502 5 0.0588235 5.89117
H15549 56 0.0279581 6 0.0705882 2.52479
H15583 58 0.0289566 10 0.117647 4.06287
H15594 27 0.0134798 6 0.0705882 5.23659
H15595 21 0.0104843 6 0.0705882 6.73275
H15596 25 0.0124813 6 0.0705882 5.65552
H15597 26 0.0129805 6 0.0705882 5.43802
H15614 100 0.0499251 12 0.141176 2.82776
H15616 67 0.0334498 8 0.0941176 2.8137
H15620 74 0.0369446 9 0.105882 2.86597
H15671 67 0.0334498 7 0.0823529 2.46198
H15672 67 0.0334498 8 0.0941176 2.8137
H15673 82 0.0409386 8 0.0941176 2.29899
H15689 37 0.0184723 5 0.0588235 3.18442
H15840 17 0.00848727 6 0.0705882 8.31695
H15876 19 0.00948577 6 0.0705882 7.44148
H15877 23 0.0114828 5 0.0588235 5.12275
H15952 4 0.001997 5 0.0588235 29.4559
H15957 65 0.0324513 6 0.0705882 2.1752
H15958 65 0.0324513 6 0.0705882 2.1752
H15959 65 0.0324513 6 0.0705882 2.1752
H16005 42 0.0209685 5 0.0588235 2.80533
H16043 49 0.0244633 12 0.141176 5.77093
H16044 35 0.0174738 8 0.0941176 5.38621
H16045 49 0.0244633 12 0.141176 5.77093
H16046 86 0.0429356 11 0.129412 3.0141
H16073 84 0.0419371 9 0.105882 2.52478
H16076 125 0.0624064 12 0.141176 2.2622
H16078 70 0.0349476 6 0.0705882 2.01983
H16083 97 0.0484274 9 0.105882 2.18641
H16091 79 0.0394408 9 0.105882 2.68458
H16094 166 0.0828757 16 0.188235 2.27129
H16102 127 0.0634049 13 0.152941 2.41213
H16109 176 0.0878682 16 0.188235 2.14224
H16126 57 0.0284573 5 0.0588235 2.06708
H16127 104 0.0519221 10 0.117647 2.26584
H16133 76 0.0379431 7 0.0823529 2.17043
H16134 45 0.0224663 5 0.0588235 2.6183
H16135 107 0.0534199 11 0.129412 2.42254
H16138 83 0.0414378 12 0.141176 3.40694
H16139 114 0.0569146 11 0.129412 2.27379
H16140 143 0.0713929 16 0.188235 2.63661
H16166 18 0.00898652 7 0.0823529 9.16405
H16170 78 0.0389416 7 0.0823529 2.11478
H16171 110 0.0549176 12 0.141176 2.57069
H16173 118 0.0589116 15 0.176471 2.99552
H16296 149 0.0743884 14 0.164706 2.21414
H16297 132 0.0659011 13 0.152941 2.32077
H16327 136 0.0678982 12 0.141176 2.07923
H16369 23 0.0114828 5 0.0588235 5.12275
H16370 69 0.0344483 6 0.0705882 2.04911
H16509 17 0.00848727 5 0.0588235 6.93079
H16513 23 0.0114828 5 0.0588235 5.12275
H16517 24 0.011982 5 0.0588235 4.90932
H16518 24 0.011982 5 0.0588235 4.90932
H16585 32 0.015976 5 0.0588235 3.68199
H16587 85 0.0424363 11 0.129412 3.04956
H16588 84 0.0419371 10 0.117647 2.80532
H16589 141 0.0703944 12 0.141176 2.0055
H16590 120 0.0599101 18 0.211765 3.53471
H16591 128 0.0639041 14 0.164706 2.57739
H16604 141 0.0703944 14 0.164706 2.33976
H16607 39 0.0194708 8 0.0941176 4.83378
H16609 48 0.0239641 10 0.117647 4.9093
H16611 45 0.0224663 11 0.129412 5.76027
H16612 73 0.0364453 7 0.0823529 2.25963
H16613 110 0.0549176 15 0.176471 3.21338
H16616 30 0.0149775 8 0.0941176 6.28393
H16617 139 0.0693959 18 0.211765 3.05155
H16618 147 0.0733899 14 0.164706 2.24426
H16619 113 0.0564154 12 0.141176 2.50244
H16620 134 0.0668997 12 0.141176 2.11026
H16621 74 0.0369446 8 0.0941176 2.54753
H16624 27 0.0134798 5 0.0588235 4.36383
H16625 101 0.0504244 12 0.141176 2.79976
H16626 95 0.0474289 13 0.152941 3.22464
H16628 106 0.0529206 13 0.152941 2.89001
H16631 61 0.0304543 9 0.105882 3.47675
H16636 31 0.0154768 8 0.0941176 6.08121
H16638 83 0.0414378 9 0.105882 2.5552
H16639 111 0.0554169 10 0.117647 2.12294
H16643 105 0.0524214 14 0.164706 3.14196
H16644 91 0.0454319 11 0.129412 2.84848
H16650 88 0.0439341 9 0.105882 2.41002
H16662 38 0.0189715 5 0.0588235 3.10062
H16663 39 0.0194708 5 0.0588235 3.02111
H16664 39 0.0194708 5 0.0588235 3.02111
H16665 37 0.0184723 5 0.0588235 3.18442
H16699 57 0.0284573 11 0.129412 4.54759
H16701 59 0.0294558 6 0.0705882 2.39641
H16702 62 0.0309536 6 0.0705882 2.28045
H16706 116 0.0579131 17 0.2 3.45345
H16734 35 0.0174738 7 0.0823529 4.71294
H16735 94 0.0469296 13 0.152941 3.25895
H16736 53 0.0264603 8 0.0941176 3.55694
H16737 70 0.0349476 10 0.117647 3.36638
H16796 35 0.0174738 9 0.105882 6.05947
H16797 35 0.0174738 9 0.105882 6.05947
H16840 34 0.0169745 5 0.0588235 3.4654
H16862 12 0.00599101 5 0.0588235 9.81863
H16883 32 0.015976 7 0.0823529 5.15479
H16884 40 0.01997 8 0.0941176 4.71295
H16885 31 0.0154768 8 0.0941176 6.08121
H16891 35 0.0174738 7 0.0823529 4.71294
H16892 32 0.015976 7 0.0823529 5.15479
H16893 32 0.015976 8 0.0941176 5.89119
H16894 32 0.015976 8 0.0941176 5.89119
H16927 3 0.00149775 5 0.0588235 39.2746
H16928 3 0.00149775 5 0.0588235 39.2746
H16929 3 0.00149775 5 0.0588235 39.2746
H16956 18 0.00898652 5 0.0588235 6.54575
H16957 18 0.00898652 5 0.0588235 6.54575
H16958 18 0.00898652 5 0.0588235 6.54575
H17063 45 0.0224663 9 0.105882 4.71293
H17124 15 0.00748877 5 0.0588235 7.85489
H17156 31 0.0154768 8 0.0941176 6.08121
H17172 29 0.0144783 6 0.0705882 4.87545
H17173 27 0.0134798 6 0.0705882 5.23659
H17174 27 0.0134798 6 0.0705882 5.23659
H17273 28 0.013979 5 0.0588235 4.20799
H17276 34 0.0169745 6 0.0705882 4.15848
H17277 36 0.017973 6 0.0705882 3.92746
H17410 39 0.0194708 5 0.0588235 3.02111
H17431 123 0.0614079 12 0.141176 2.29899
H17433 66 0.0329506 6 0.0705882 2.14224
H17518 118 0.0589116 12 0.141176 2.3964
H17519 118 0.0589116 12 0.141176 2.3964
H17520 117 0.0584124 12 0.141176 2.41688
H17521 117 0.0584124 12 0.141176 2.41688
H17522 117 0.0584124 12 0.141176 2.41688
H17636 53 0.0264603 8 0.0941176 3.55694
H17714 75 0.0374438 7 0.0823529 2.19937
H17718 63 0.0314528 6 0.0705882 2.24426
H17719 117 0.0584124 11 0.129412 2.21549
H17721 85 0.0424363 12 0.141176 3.32677
H17722 80 0.0399401 10 0.117647 2.94559
H17723 79 0.0394408 9 0.105882 2.68458
H17724 127 0.0634049 13 0.152941 2.41213
H17729 96 0.0479281 9 0.105882 2.20918
H17730 92 0.0459311 10 0.117647 2.56138
H17731 95 0.0474289 12 0.141176 2.97658
H17734 79 0.0394408 7 0.0823529 2.08801
H17736 103 0.0514229 13 0.152941 2.97418
H17737 74 0.0369446 7 0.0823529 2.22909
H17738 76 0.0379431 7 0.0823529 2.17043
H17851 28 0.013979 5 0.0588235 4.20799
H17852 28 0.013979 5 0.0588235 4.20799
H17909 1 0.000499251 6 0.0705882 141.388
H17929 28 0.013979 6 0.0705882 5.04959
H17930 29 0.0144783 6 0.0705882 4.87545
H18027 43 0.0214678 5 0.0588235 2.74008
H18028 39 0.0194708 7 0.0823529 4.22956
H18041 36 0.017973 5 0.0588235 3.27288
H18042 39 0.0194708 5 0.0588235 3.02111
H18048 57 0.0284573 8 0.0941176 3.30733
H18050 36 0.017973 5 0.0588235 3.27288
H18051 36 0.017973 5 0.0588235 3.27288
H18052 39 0.0194708 5 0.0588235 3.02111
H18053 39 0.0194708 5 0.0588235 3.02111
H18058 38 0.0189715 6 0.0705882 3.72075
H18059 36 0.017973 5 0.0588235 3.27288
H18071 28 0.013979 5 0.0588235 4.20799
H18078 30 0.0149775 5 0.0588235 3.92746
H18080 30 0.0149775 5 0.0588235 3.92746
H18081 30 0.0149775 5 0.0588235 3.92746
H18089 36 0.017973 5 0.0588235 3.27288
H18122 48 0.0239641 6 0.0705882 2.94558
H18131 106 0.0529206 11 0.129412 2.4454
H18133 99 0.0494259 10 0.117647 2.38027
H18156 46 0.0229656 14 0.164706 7.17186
H18177 56 0.0279581 5 0.0588235 2.10399
H18364 17 0.00848727 5 0.0588235 6.93079
H18365 17 0.00848727 5 0.0588235 6.93079
H18404 43 0.0214678 9 0.105882 4.93213
H18405 43 0.0214678 9 0.105882 4.93213
H18420 43 0.0214678 8 0.0941176 4.38413
H18438 3 0.00149775 6 0.0705882 47.1295
H18440 3 0.00149775 6 0.0705882 47.1295
H18451 19 0.00948577 5 0.0588235 6.20124
H18452 19 0.00948577 9 0.105882 11.1622
H18453 18 0.00898652 5 0.0588235 6.54575
H18585 98 0.0489266 13 0.152941 3.12593
H18614 47 0.0234648 5 0.0588235 2.50688
H18642 45 0.0224663 5 0.0588235 2.6183
H18643 45 0.0224663 5 0.0588235 2.6183
H18662 57 0.0284573 8 0.0941176 3.30733
H18665 89 0.0444333 12 0.141176 3.17726
H18667 95 0.0474289 12 0.141176 2.97658
H18670 102 0.0509236 10 0.117647 2.31026
H18672 85 0.0424363 12 0.141176 3.32677
H18673 83 0.0414378 8 0.0941176 2.2713
H18674 89 0.0444333 10 0.117647 2.64772
H18675 75 0.0374438 8 0.0941176 2.51357
H18730 32 0.015976 8 0.0941176 5.89119
H18731 32 0.015976 8 0.0941176 5.89119
H18732 21 0.0104843 9 0.105882 10.0991
H18753 98 0.0489266 9 0.105882 2.1641
H18774 37 0.0184723 8 0.0941176 5.09507
H18796 8 0.00399401 5 0.0588235 14.7279
H18835 20 0.00998502 6 0.0705882 7.06941
H18929 52 0.0259611 11 0.129412 4.98484
H18930 35 0.0174738 11 0.129412 7.40606
H18976 44 0.021967 5 0.0588235 2.67781
H19013 44 0.021967 5 0.0588235 2.67781
H19065 54 0.0269596 9 0.105882 3.92743
H19066 31 0.0154768 5 0.0588235 3.80075
H19067 34 0.0169745 5 0.0588235 3.4654
H19092 37 0.0184723 5 0.0588235 3.18442
H19116 43 0.0214678 8 0.0941176 4.38413
H19139 7 0.00349476 6 0.0705882 20.1983
H19369 111 0.0554169 11 0.129412 2.33524
H19514 27 0.0134798 5 0.0588235 4.36383
H19568 64 0.0319521 7 0.0823529 2.57739
H19622 42 0.0209685 5 0.0588235 2.80533
H19748 47 0.0234648 5 0.0588235 2.50688
H19821 126 0.0629056 14 0.164706 2.6183
H19822 123 0.0614079 13 0.152941 2.49058
H19823 130 0.0649026 14 0.164706 2.53774
H19830 38 0.0189715 5 0.0588235 3.10062
H19868 109 0.0544184 11 0.129412 2.37809
H19869 109 0.0544184 11 0.129412 2.37809
H19884 27 0.0134798 6 0.0705882 5.23659
H19885 28 0.013979 5 0.0588235 4.20799
H19954 21 0.0104843 5 0.0588235 5.61063
H19965 64 0.0319521 8 0.0941176 2.94558
H19971 76 0.0379431 8 0.0941176 2.48049
H19973 105 0.0524214 13 0.152941 2.91753
H19976 97 0.0484274 14 0.164706 3.40109
H19979 79 0.0394408 10 0.117647 2.98288
H19980 95 0.0474289 11 0.129412 2.72855
H19981 89 0.0444333 13 0.152941 3.44204
H20011 79 0.0394408 9 0.105882 2.68458
H20059 90 0.0449326 11 0.129412 2.88014
H20061 119 0.0594109 17 0.2 3.36639
H20201 105 0.0524214 9 0.105882 2.01982
H20270 3 0.00149775 6 0.0705882 47.1295
H20275 27 0.0134798 5 0.0588235 4.36383
H20393 108 0.0539191 10 0.117647 2.18192
H20402 44 0.021967 7 0.0823529 3.74894
H20427 5 0.00249626 6 0.0705882 28.2776
H20428 5 0.00249626 6 0.0705882 28.2776
H20475 44 0.021967 7 0.0823529 3.74894
H20476 45 0.0224663 7 0.0823529 3.66562
H20504 89 0.0444333 14 0.164706 3.70681
H20505 89 0.0444333 14 0.164706 3.70681
H20506 90 0.0449326 14 0.164706 3.66562
H20507 89 0.0444333 14 0.164706 3.70681
H20508 92 0.0459311 13 0.152941 3.32979
H20509 92 0.0459311 13 0.152941 3.32979
H20637 44 0.021967 5 0.0588235 2.67781
H20707 24 0.011982 6 0.0705882 5.89119
H20708 20 0.00998502 6 0.0705882 7.06941
H20709 25 0.0124813 6 0.0705882 5.65552
H20909 51 0.0254618 5 0.0588235 2.31026
H20971 7 0.00349476 9 0.105882 30.2974
H21073 103 0.0514229 10 0.117647 2.28783
H21232 78 0.0389416 9 0.105882 2.71899
H21239 23 0.0114828 7 0.0823529 7.17185
H21259 26 0.0129805 6 0.0705882 5.43802
H21387 86 0.0429356 13 0.152941 3.5621
H21423 43 0.0214678 9 0.105882 4.93213
H21446 25 0.0124813 7 0.0823529 6.5981
H21481 30 0.0149775 6 0.0705882 4.71295
H21633 45 0.0224663 5 0.0588235 2.6183
H21725 68 0.0339491 7 0.0823529 2.42578
H21754 33 0.0164753 7 0.0823529 4.99857
H21813 13 0.00649026 5 0.0588235 9.06335
H21869 94 0.0469296 8 0.0941176 2.00551
H21880 78 0.0389416 7 0.0823529 2.11478
H21914 55 0.0274588 9 0.105882 3.85603
H21937 42 0.0209685 5 0.0588235 2.80533
H21975 46 0.0229656 5 0.0588235 2.56137
H22089 124 0.0619071 14 0.164706 2.66053
H22124 38 0.0189715 5 0.0588235 3.10062
H22153 47 0.0234648 8 0.0941176 4.01101
H22262 12 0.00599101 6 0.0705882 11.7824
H22273 46 0.0229656 9 0.105882 4.61046
H22279 31 0.0154768 8 0.0941176 6.08121
H22292 18 0.00898652 7 0.0823529 9.16405
H22293 152 0.0758862 14 0.164706 2.17043
H22311 48 0.0239641 5 0.0588235 2.45465
H22312 53 0.0264603 5 0.0588235 2.22309
H22373 24 0.011982 11 0.129412 10.8005
H22374 36 0.017973 11 0.129412 7.20036
H22375 26 0.0129805 11 0.129412 9.96972
H22376 23 0.0114828 11 0.129412 11.2701
H22377 23 0.0114828 11 0.129412 11.2701
H22424 39 0.0194708 6 0.0705882 3.62534
H22425 39 0.0194708 6 0.0705882 3.62534
H22428 47 0.0234648 7 0.0823529 3.50964
H22452 67 0.0334498 8 0.0941176 2.8137
H22523 28 0.013979 6 0.0705882 5.04959
H22682 20 0.00998502 6 0.0705882 7.06941
H22683 34 0.0169745 7 0.0823529 4.85157
H22684 34 0.0169745 7 0.0823529 4.85157
H22685 34 0.0169745 7 0.0823529 4.85157
H22686 20 0.00998502 6 0.0705882 7.06941
H22687 34 0.0169745 7 0.0823529 4.85157
H22688 34 0.0169745 7 0.0823529 4.85157
H22689 34 0.0169745 7 0.0823529 4.85157
H22791 35 0.0174738 10 0.117647 6.73277
H22792 39 0.0194708 9 0.105882 5.43799
H22793 39 0.0194708 10 0.117647 6.04223
H22794 34 0.0169745 9 0.105882 6.23771
H22795 31 0.0154768 8 0.0941176 6.08121
H22820 13 0.00649026 5 0.0588235 9.06335
H22882 30 0.0149775 5 0.0588235 3.92746
H22883 30 0.0149775 5 0.0588235 3.92746
H22885 32 0.015976 6 0.0705882 4.41839
H23044 98 0.0489266 12 0.141176 2.88547
H23176 7 0.00349476 5 0.0588235 16.8319
H23185 42 0.0209685 5 0.0588235 2.80533
H23202 97 0.0484274 12 0.141176 2.91521
H23206 101 0.0504244 12 0.141176 2.79976
H23207 80 0.0399401 8 0.0941176 2.35647
H23210 110 0.0549176 14 0.164706 2.99915
H23211 84 0.0419371 9 0.105882 2.52478
H23212 111 0.0554169 14 0.164706 2.97213
H23222 42 0.0209685 8 0.0941176 4.48852
H23223 40 0.01997 6 0.0705882 3.53471
H23224 40 0.01997 7 0.0823529 4.12383
H23225 40 0.01997 6 0.0705882 3.53471
H23256 19 0.00948577 5 0.0588235 6.20124
H23354 55 0.0274588 6 0.0705882 2.5707
H23357 39 0.0194708 5 0.0588235 3.02111
H23358 39 0.0194708 5 0.0588235 3.02111
H23359 36 0.017973 5 0.0588235 3.27288
H23360 36 0.017973 5 0.0588235 3.27288
H23361 36 0.017973 5 0.0588235 3.27288
H23362 36 0.017973 5 0.0588235 3.27288
H23400 27 0.0134798 6 0.0705882 5.23659
H23419 33 0.0164753 10 0.117647 7.14081
H23420 35 0.0174738 11 0.129412 7.40606
H23421 39 0.0194708 12 0.141176 7.25065
H23422 35 0.0174738 10 0.117647 6.73277
H23432 29 0.0144783 6 0.0705882 4.87545
H23433 29 0.0144783 6 0.0705882 4.87545
H23434 29 0.0144783 6 0.0705882 4.87545
H23435 29 0.0144783 6 0.0705882 4.87545
H23529 43 0.0214678 9 0.105882 4.93213
H23530 43 0.0214678 9 0.105882 4.93213
H23531 43 0.0214678 9 0.105882 4.93213
H23605 18 0.00898652 5 0.0588235 6.54575
H23618 67 0.0334498 6 0.0705882 2.11027
H23768 21 0.0104843 5 0.0588235 5.61063
H24021 3 0.00149775 6 0.0705882 47.1295
H24058 50 0.0249626 9 0.105882 4.24163
H24071 26 0.0129805 5 0.0588235 4.53168
H24073 28 0.013979 5 0.0588235 4.20799
H24192 31 0.0154768 5 0.0588235 3.80075
H24223 106 0.0529206 11 0.129412 2.4454
H24229 42 0.0209685 7 0.0823529 3.92746
H24316 36 0.017973 5 0.0588235 3.27288
H24374 47 0.0234648 12 0.141176 6.0165
H24387 75 0.0374438 8 0.0941176 2.51357
H24388 73 0.0364453 7 0.0823529 2.25963
H24426 34 0.0169745 7 0.0823529 4.85157
H24427 32 0.015976 7 0.0823529 5.15479
H24428 32 0.015976 7 0.0823529 5.15479
H24429 32 0.015976 7 0.0823529 5.15479
H24430 30 0.0149775 7 0.0823529 5.49844
H24431 12 0.00599101 8 0.0941176 15.7098
H24540 30 0.0149775 6 0.0705882 4.71295
H24541 28 0.013979 6 0.0705882 5.04959
H24583 19 0.00948577 5 0.0588235 6.20124
H24683 91 0.0454319 11 0.129412 2.84848
H24781 27 0.0134798 6 0.0705882 5.23659
H24814 44 0.021967 8 0.0941176 4.2845
H24890 39 0.0194708 5 0.0588235 3.02111
H24894 20 0.00998502 5 0.0588235 5.89117
H25027 60 0.0299551 12 0.141176 4.71292
H25213 55 0.0274588 11 0.129412 4.71295
H25220 132 0.0659011 16 0.188235 2.85633
H25313 76 0.0379431 10 0.117647 3.10062
H25324 50 0.0249626 6 0.0705882 2.82776
H25325 44 0.021967 5 0.0588235 2.67781
H25334 27 0.0134798 6 0.0705882 5.23659
H25361 22 0.0109835 6 0.0705882 6.42675
H25399 56 0.0279581 5 0.0588235 2.10399
H25419 72 0.0359461 9 0.105882 2.94558
H25469 59 0.0294558 15 0.176471 5.99104
H25470 78 0.0389416 12 0.141176 3.62533
H25587 36 0.017973 5 0.0588235 3.27288
H25630 41 0.0204693 5 0.0588235 2.87374
H25631 39 0.0194708 5 0.0588235 3.02111
H25632 40 0.01997 5 0.0588235 2.94559
H25633 40 0.01997 5 0.0588235 2.94559
H25634 39 0.0194708 5 0.0588235 3.02111
H25635 39 0.0194708 5 0.0588235 3.02111
H25636 39 0.0194708 5 0.0588235 3.02111
H25637 40 0.01997 5 0.0588235 2.94559
H25639 39 0.0194708 5 0.0588235 3.02111
H25640 39 0.0194708 5 0.0588235 3.02111
H25641 36 0.017973 5 0.0588235 3.27288
H25642 39 0.0194708 5 0.0588235 3.02111
H25643 39 0.0194708 5 0.0588235 3.02111
H25644 39 0.0194708 5 0.0588235 3.02111
H25665 62 0.0309536 6 0.0705882 2.28045
H25666 67 0.0334498 6 0.0705882 2.11027
H25683 90 0.0449326 13 0.152941 3.40379
H25684 116 0.0579131 11 0.129412 2.23459
H25689 107 0.0534199 13 0.152941 2.863
H25690 85 0.0424363 10 0.117647 2.77232
H25717 38 0.0189715 7 0.0823529 4.34087
H25719 69 0.0344483 6 0.0705882 2.04911
H25727 60 0.0299551 9 0.105882 3.53469
H25728 60 0.0299551 9 0.105882 3.53469
H25729 76 0.0379431 11 0.129412 3.41069
H25907 17 0.00848727 6 0.0705882 8.31695
H25908 16 0.00798802 6 0.0705882 8.83676
H25909 14 0.00698952 6 0.0705882 10.0991
H25910 12 0.00599101 6 0.0705882 11.7824
H25911 16 0.00798802 6 0.0705882 8.83676
H25925 27 0.0134798 9 0.105882 7.85486
H25931 38 0.0189715 6 0.0705882 3.72075
H25938 100 0.0499251 13 0.152941 3.06341
H25939 87 0.0434348 13 0.152941 3.52116
H25940 90 0.0449326 11 0.129412 2.88014
H25941 106 0.0529206 10 0.117647 2.22309
H25942 84 0.0419371 11 0.129412 3.08586
H25959 57 0.0284573 9 0.105882 3.72073
H25966 98 0.0489266 16 0.188235 3.84729
H25968 84 0.0419371 11 0.129412 3.08586
H25972 132 0.0659011 18 0.211765 3.21338
H25993 103 0.0514229 10 0.117647 2.28783
H26101 17 0.00848727 5 0.0588235 6.93079
H26102 31 0.0154768 5 0.0588235 3.80075
H26114 113 0.0564154 10 0.117647 2.08537
H26227 36 0.017973 5 0.0588235 3.27288
H26258 105 0.0524214 9 0.105882 2.01982
H26279 45 0.0224663 5 0.0588235 2.6183
H26321 107 0.0534199 12 0.141176 2.64276
H26544 39 0.0194708 5 0.0588235 3.02111
H26581 42 0.0209685 5 0.0588235 2.80533
H26675 9 0.00449326 5 0.0588235 13.0915
H26741 59 0.0294558 10 0.117647 3.99402
H26792 89 0.0444333 14 0.164706 3.70681
H26820 55 0.0274588 11 0.129412 4.71295
H26847 27 0.0134798 6 0.0705882 5.23659
H27017 39 0.0194708 5 0.0588235 3.02111
H27023 21 0.0104843 7 0.0823529 7.85488
H27064 118 0.0589116 12 0.141176 2.3964
H27111 89 0.0444333 10 0.117647 2.64772
H27147 42 0.0209685 7 0.0823529 3.92746
H27220 45 0.0224663 7 0.0823529 3.66562
H27233 44 0.021967 8 0.0941176 4.2845
H27326 91 0.0454319 14 0.164706 3.62534
H27444 10 0.00499251 5 0.0588235 11.7823
H27448 64 0.0319521 6 0.0705882 2.20919
H27460 2 0.000998502 6 0.0705882 70.6941
H27461 2 0.000998502 6 0.0705882 70.6941
H27483 36 0.017973 6 0.0705882 3.92746
H27521 33 0.0164753 7 0.0823529 4.99857
H27522 32 0.015976 7 0.0823529 5.15479
H27567 38 0.0189715 5 0.0588235 3.10062
H27607 37 0.0184723 5 0.0588235 3.18442
H27608 37 0.0184723 5 0.0588235 3.18442
H27644 13 0.00649026 6 0.0705882 10.876
H27667 12 0.00599101 7 0.0823529 13.7461
H27717 98 0.0489266 12 0.141176 2.88547
H27885 38 0.0189715 6 0.0705882 3.72075
H28050 76 0.0379431 8 0.0941176 2.48049
H28105 112 0.0559161 16 0.188235 3.36638
H28164 13 0.00649026 8 0.0941176 14.5014
H28499 14 0.00698952 6 0.0705882 10.0991
H28593 103 0.0514229 13 0.152941 2.97418
H28594 103 0.0514229 13 0.152941 2.97418
H28688 61 0.0304543 12 0.141176 4.63567
H28715 49 0.0244633 6 0.0705882 2.88547
H28792 25 0.0124813 6 0.0705882 5.65552
H28929 40 0.01997 6 0.0705882 3.53471
H28979 29 0.0144783 5 0.0588235 4.06287
H28980 29 0.0144783 5 0.0588235 4.06287
H29034 35 0.0174738 11 0.129412 7.40606
H29144 2 0.000998502 5 0.0588235 58.9117
H29323 6 0.00299551 5 0.0588235 19.6372
H29354 106 0.0529206 14 0.164706 3.11232
H29361 110 0.0549176 13 0.152941 2.78492
H29375 20 0.00998502 5 0.0588235 5.89117
H29376 20 0.00998502 5 0.0588235 5.89117
H29377 20 0.00998502 5 0.0588235 5.89117
H29378 20 0.00998502 5 0.0588235 5.89117
H29523 43 0.0214678 5 0.0588235 2.74008
H29524 39 0.0194708 5 0.0588235 3.02111
H29525 35 0.0174738 5 0.0588235 3.36638
H29527 43 0.0214678 5 0.0588235 2.74008
H29528 24 0.011982 5 0.0588235 4.90932
H29529 51 0.0254618 5 0.0588235 2.31026
H29530 51 0.0254618 5 0.0588235 2.31026
H29531 43 0.0214678 5 0.0588235 2.74008
H29586 8 0.00399401 6 0.0705882 17.6735
H29596 42 0.0209685 8 0.0941176 4.48852
H29626 18 0.00898652 9 0.105882 11.7823
H29749 3 0.00149775 6 0.0705882 47.1295
H29954 38 0.0189715 11 0.129412 6.82139
H29955 38 0.0189715 11 0.129412 6.82139
H29975 12 0.00599101 6 0.0705882 11.7824
H29996 60 0.0299551 11 0.129412 4.3202
H30063 27 0.0134798 6 0.0705882 5.23659
H30306 12 0.00599101 7 0.0823529 13.7461
H30327 7 0.00349476 5 0.0588235 16.8319
H30328 9 0.00449326 5 0.0588235 13.0915
H30329 9 0.00449326 5 0.0588235 13.0915
H30330 9 0.00449326 5 0.0588235 13.0915
H30461 74 0.0369446 9 0.105882 2.86597
H30563 27 0.0134798 6 0.0705882 5.23659
H30564 28 0.013979 6 0.0705882 5.04959
H30565 28 0.013979 6 0.0705882 5.04959
H30566 28 0.013979 6 0.0705882 5.04959
H30567 20 0.00998502 6 0.0705882 7.06941
H30568 27 0.0134798 6 0.0705882 5.23659
H30596 24 0.011982 5 0.0588235 4.90932
H30602 22 0.0109835 5 0.0588235 5.35562
H30603 22 0.0109835 5 0.0588235 5.35562
H30604 22 0.0109835 5 0.0588235 5.35562
H30605 22 0.0109835 5 0.0588235 5.35562
H30606 21 0.0104843 5 0.0588235 5.61063
H30608 21 0.0104843 5 0.0588235 5.61063
H30632 34 0.0169745 8 0.0941176 5.54465
H30746 85 0.0424363 13 0.152941 3.60401
H30750 49 0.0244633 8 0.0941176 3.8473
H30832 24 0.011982 11 0.129412 10.8005
H31207 90 0.0449326 9 0.105882 2.35646
H31215 53 0.0264603 7 0.0823529 3.11232
H31269 41 0.0204693 5 0.0588235 2.87374
H31395 28 0.013979 6 0.0705882 5.04959
H31407 47 0.0234648 6 0.0705882 3.00826
H31441 32 0.015976 6 0.0705882 4.41839
H31493 31 0.0154768 8 0.0941176 6.08121
H31562 29 0.0144783 7 0.0823529 5.68802
H31649 25 0.0124813 9 0.105882 8.48325
H31764 38 0.0189715 5 0.0588235 3.10062
H31777 6 0.00299551 9 0.105882 35.3469
H31856 84 0.0419371 10 0.117647 2.80532
H31903 126 0.0629056 11 0.129412 2.05724
H32003 7 0.00349476 9 0.105882 30.2974
H32074 23 0.0114828 6 0.0705882 6.1473
H32316 31 0.0154768 5 0.0588235 3.80075
H32322 40 0.01997 5 0.0588235 2.94559
H32343 41 0.0204693 5 0.0588235 2.87374
H32345 39 0.0194708 5 0.0588235 3.02111
H32349 15 0.00748877 5 0.0588235 7.85489
H32484 38 0.0189715 5 0.0588235 3.10062
H32500 44 0.021967 5 0.0588235 2.67781
H32516 46 0.0229656 5 0.0588235 2.56137
H32522 44 0.021967 5 0.0588235 2.67781
H32531 7 0.00349476 5 0.0588235 16.8319
H32532 7 0.00349476 5 0.0588235 16.8319
H32533 7 0.00349476 5 0.0588235 16.8319
H32534 7 0.00349476 5 0.0588235 16.8319
H32535 7 0.00349476 5 0.0588235 16.8319
H32536 7 0.00349476 5 0.0588235 16.8319
H32537 41 0.0204693 7 0.0823529 4.02324
H32538 8 0.00399401 5 0.0588235 14.7279
H32589 28 0.013979 6 0.0705882 5.04959
H32597 47 0.0234648 6 0.0705882 3.00826
H32707 31 0.0154768 8 0.0941176 6.08121
H32735 31 0.0154768 5 0.0588235 3.80075
H32848 25 0.0124813 9 0.105882 8.48325
H32855 41 0.0204693 5 0.0588235 2.87374
H32891 49 0.0244633 5 0.0588235 2.40456
H32952 29 0.0144783 5 0.0588235 4.06287
H32984 6 0.00299551 9 0.105882 35.3469
H33185 26 0.0129805 5 0.0588235 4.53168
H33187 47 0.0234648 5 0.0588235 2.50688
H33197 7 0.00349476 9 0.105882 30.2974
H33291 27 0.0134798 5 0.0588235 4.36383
H33360 27 0.0134798 9 0.105882 7.85486
H33487 24 0.011982 5 0.0588235 4.90932
H33488 24 0.011982 5 0.0588235 4.90932
H33583 54 0.0269596 11 0.129412 4.80022
