H00113 132 0.0668354 17 0.150442 2.25093
H00125 36 0.0182278 6 0.0530973 2.91298
H00177 5 0.00253165 7 0.0619469 24.469
H00185 40 0.0202532 8 0.0707965 3.49557
H00235 39 0.0197468 8 0.0707965 3.58521
H00236 68 0.0344304 11 0.0973451 2.8273
H00381 12 0.00607595 7 0.0619469 10.1954
H00386 110 0.0556962 29 0.256637 4.6078
H00472 114 0.0577215 31 0.274336 4.75275
H00647 40 0.0202532 8 0.0707965 3.49557
H00650 146 0.0739241 26 0.230088 3.11249
H00689 32 0.0162025 11 0.0973451 6.00803
H00884 96 0.0486076 22 0.19469 4.00534
H00915 97 0.0491139 15 0.132743 2.70276
H00916 97 0.0491139 15 0.132743 2.70276
H00917 97 0.0491139 15 0.132743 2.70276
H00965 76 0.038481 26 0.230088 5.97926
H00966 76 0.038481 26 0.230088 5.97926
H01031 35 0.0177215 7 0.0619469 3.49558
H01032 38 0.0192405 8 0.0707965 3.67956
H01162 13 0.00658228 8 0.0707965 10.7556
H01163 13 0.00658228 8 0.0707965 10.7556
H01164 13 0.00658228 8 0.0707965 10.7556
H01165 13 0.00658228 8 0.0707965 10.7556
H01196 8 0.00405063 12 0.106195 26.2169
H01214 119 0.0602532 14 0.123894 2.05622
H01215 119 0.0602532 14 0.123894 2.05622
H01258 62 0.0313924 12 0.106195 3.38283
H01407 155 0.078481 35 0.309735 3.94662
H01408 50 0.0253165 11 0.0973451 3.84512
H01409 56 0.0283544 11 0.0973451 3.43316
H01470 6 0.00303797 7 0.0619469 20.3909
H01502 108 0.0546835 15 0.132743 2.42748
H01510 60 0.0303797 20 0.176991 5.82596
H01532 99 0.0501266 15 0.132743 2.64815
H01592 34 0.0172152 16 0.141593 8.22488
H01623 32 0.0162025 8 0.0707965 4.36948
H01624 31 0.0156962 8 0.0707965 4.51042
H01765 42 0.0212658 9 0.079646 3.74526
H01774 61 0.0308861 12 0.106195 3.43828
H02004 8 0.00405063 10 0.0884956 21.8474
H02051 118 0.0597468 15 0.132743 2.22176
H02092 40 0.0202532 9 0.079646 3.93251
H02144 64 0.0324051 9 0.079646 2.45782
H02145 74 0.0374684 9 0.079646 2.12568
H02146 94 0.0475949 11 0.0973451 2.04528
H02153 69 0.0349367 9 0.079646 2.27972
H02188 15 0.00759494 7 0.0619469 8.15634
H02255 39 0.0197468 6 0.0530973 2.68891
H02256 39 0.0197468 7 0.0619469 3.13706
H02257 39 0.0197468 7 0.0619469 3.13706
H02258 39 0.0197468 7 0.0619469 3.13706
H02259 39 0.0197468 8 0.0707965 3.58521
H02260 37 0.0187342 6 0.0530973 2.83424
H02261 39 0.0197468 7 0.0619469 3.13706
H02263 39 0.0197468 7 0.0619469 3.13706
H02264 39 0.0197468 6 0.0530973 2.68891
H02267 39 0.0197468 6 0.0530973 2.68891
H02269 39 0.0197468 6 0.0530973 2.68891
H02309 4 0.00202532 8 0.0707965 34.9557
H02356 111 0.0562025 13 0.115044 2.04696
H02422 128 0.0648101 17 0.150442 2.32127
H02555 14 0.00708861 6 0.0530973 7.49051
H02587 150 0.0759494 33 0.292035 3.84513
H02600 69 0.0349367 11 0.0973451 2.78633
H02602 74 0.0374684 11 0.0973451 2.59806
H02623 44 0.0222785 6 0.0530973 2.38334
H02624 64 0.0324051 25 0.221239 6.82729
H02754 19 0.00962025 7 0.0619469 6.43922
H02755 21 0.0106329 7 0.0619469 5.82596
H02777 14 0.00708861 8 0.0707965 9.98736
H02839 40 0.0202532 11 0.0973451 4.80641
H02840 40 0.0202532 11 0.0973451 4.80641
H02841 40 0.0202532 11 0.0973451 4.80641
H02856 6 0.00303797 12 0.106195 34.9559
H02865 4 0.00202532 6 0.0530973 26.2167
H03067 124 0.0627848 24 0.212389 3.38281
H03116 153 0.0774684 18 0.159292 2.05622
H03121 74 0.0374684 12 0.106195 2.83425
H03124 97 0.0491139 15 0.132743 2.70276
H03125 98 0.0496203 14 0.123894 2.49684
H03126 99 0.0501266 17 0.150442 3.00124
H03128 72 0.0364557 11 0.0973451 2.67023
H03129 104 0.0526582 17 0.150442 2.85695
H03139 70 0.035443 12 0.106195 2.99622
H03140 95 0.0481013 12 0.106195 2.20774
H03141 56 0.0283544 8 0.0707965 2.49684
H03143 92 0.0465823 20 0.176991 3.79953
H03144 92 0.0465823 34 0.300885 6.45921
H03145 119 0.0602532 17 0.150442 2.49683
H03146 98 0.0496203 14 0.123894 2.49684
H03148 102 0.0516456 12 0.106195 2.05623
H03149 90 0.0455696 13 0.115044 2.52458
H03154 69 0.0349367 9 0.079646 2.27972
H03155 91 0.0460759 17 0.150442 3.26509
H03156 88 0.044557 14 0.123894 2.78057
H03237 10 0.00506329 10 0.0884956 17.4779
H03244 86 0.0435443 20 0.176991 4.06462
H03247 28 0.0141772 13 0.115044 8.11472
H03260 40 0.0202532 12 0.106195 5.24337
H03333 58 0.0293671 16 0.141593 4.82148
H03351 48 0.0243038 10 0.0884956 3.64122
H03424 49 0.0248101 9 0.079646 3.21022
H03430 5 0.00253165 10 0.0884956 34.9557
H03490 81 0.0410127 16 0.141593 3.45242
H03491 81 0.0410127 17 0.150442 3.66818
H03492 81 0.0410127 16 0.141593 3.45242
H03493 81 0.0410127 17 0.150442 3.66818
H03497 98 0.0496203 21 0.185841 3.74526
H03568 99 0.0501266 19 0.168142 3.35435
H03569 132 0.0668354 22 0.19469 2.91298
H03603 19 0.00962025 9 0.079646 8.27899
H03769 43 0.0217722 8 0.0707965 3.25169
H03810 95 0.0481013 27 0.238938 4.96739
H03811 142 0.0718987 32 0.283186 3.93868
H03835 47 0.0237975 12 0.106195 4.46244
H03908 19 0.00962025 6 0.0530973 5.51933
H03920 76 0.038481 26 0.230088 5.97926
H04066 35 0.0177215 6 0.0530973 2.99621
H04115 86 0.0435443 10 0.0884956 2.03231
H04150 97 0.0491139 13 0.115044 2.34239
H04205 35 0.0177215 10 0.0884956 4.99369
H04224 127 0.0643038 35 0.309735 4.81674
H04266 138 0.0698734 20 0.176991 2.53302
H04267 132 0.0668354 20 0.176991 2.64816
H04352 80 0.0405063 20 0.176991 4.36947
H04377 29 0.0146835 7 0.0619469 4.21881
H04378 30 0.0151899 7 0.0619469 4.07816
H04379 32 0.0162025 7 0.0619469 3.82329
H04384 40 0.0202532 7 0.0619469 3.05862
H04385 41 0.0207595 7 0.0619469 2.98403
H04386 41 0.0207595 7 0.0619469 2.98403
H04491 12 0.00607595 8 0.0707965 11.6519
H04492 13 0.00658228 8 0.0707965 10.7556
H04493 13 0.00658228 8 0.0707965 10.7556
H04494 11 0.00556962 8 0.0707965 12.7112
H04511 84 0.0425316 13 0.115044 2.70491
H04528 13 0.00658228 8 0.0707965 10.7556
H04529 13 0.00658228 8 0.0707965 10.7556
H04594 119 0.0602532 14 0.123894 2.05622
H04661 62 0.0313924 17 0.150442 4.79231
H04782 109 0.0551899 14 0.123894 2.24487
H04783 112 0.0567089 14 0.123894 2.18474
H04787 126 0.0637975 33 0.292035 4.57753
H04788 123 0.0622785 33 0.292035 4.68918
H04789 123 0.0622785 33 0.292035 4.68918
H04793 17 0.00860759 10 0.0884956 10.2811
H04868 14 0.00708861 10 0.0884956 12.4842
H04869 97 0.0491139 16 0.141593 2.88295
H04927 108 0.0546835 20 0.176991 3.23664
H04991 28 0.0141772 10 0.0884956 6.24211
H05001 122 0.0617722 20 0.176991 2.86522
H05037 170 0.0860759 21 0.185841 2.15904
H05039 63 0.0318987 9 0.079646 2.49684
H05185 103 0.0521519 15 0.132743 2.54531
H05186 101 0.0511392 15 0.132743 2.59572
H05234 103 0.0521519 15 0.132743 2.54531
H05235 103 0.0521519 15 0.132743 2.54531
H05236 100 0.0506329 15 0.132743 2.62167
H05311 21 0.0106329 6 0.0530973 4.99368
H05325 43 0.0217722 6 0.0530973 2.43877
H05342 159 0.0805063 21 0.185841 2.3084
H05438 96 0.0486076 25 0.221239 4.55153
H05450 124 0.0627848 20 0.176991 2.81901
H05492 109 0.0551899 15 0.132743 2.4052
H05493 111 0.0562025 15 0.132743 2.36187
H05495 124 0.0627848 19 0.168142 2.67807
H05496 113 0.0572152 16 0.141593 2.47474
H05498 126 0.0637975 33 0.292035 4.57753
H05499 126 0.0637975 30 0.265487 4.1614
H05500 126 0.0637975 30 0.265487 4.1614
H05774 61 0.0308861 13 0.115044 3.72478
H05775 61 0.0308861 13 0.115044 3.72478
H05861 11 0.00556962 8 0.0707965 12.7112
H05890 15 0.00759494 7 0.0619469 8.15634
H05934 122 0.0617722 28 0.247788 4.01132
H05939 38 0.0192405 8 0.0707965 3.67956
H05942 43 0.0217722 8 0.0707965 3.25169
H05966 121 0.0612658 20 0.176991 2.8889
H06055 92 0.0465823 14 0.123894 2.65968
H06146 42 0.0212658 13 0.115044 5.40981
H06149 92 0.0465823 19 0.168142 3.60957
H06160 26 0.0131646 7 0.0619469 4.70557
H06317 40 0.0202532 8 0.0707965 3.49557
H06318 40 0.0202532 8 0.0707965 3.49557
H06319 29 0.0146835 10 0.0884956 6.02687
H06320 42 0.0212658 9 0.079646 3.74526
H06370 155 0.078481 37 0.327434 4.17214
H06371 155 0.078481 37 0.327434 4.17214
H06372 155 0.078481 37 0.327434 4.17214
H06373 155 0.078481 37 0.327434 4.17214
H06374 155 0.078481 37 0.327434 4.17214
H06408 120 0.0607595 15 0.132743 2.18473
H06420 144 0.0729114 33 0.292035 4.00534
H06435 106 0.0536709 33 0.292035 5.44122
H06476 42 0.0212658 14 0.123894 5.82597
H06477 46 0.0232911 13 0.115044 4.9394
H06478 51 0.0258228 14 0.123894 4.79785
H06541 10 0.00506329 10 0.0884956 17.4779
H06559 161 0.081519 25 0.221239 2.71396
H06732 30 0.0151899 13 0.115044 7.57372
H06792 7 0.0035443 6 0.0530973 14.981
H06793 7 0.0035443 6 0.0530973 14.981
H06794 7 0.0035443 6 0.0530973 14.981
H06813 12 0.00607595 8 0.0707965 11.6519
H06814 13 0.00658228 8 0.0707965 10.7556
H06815 13 0.00658228 8 0.0707965 10.7556
H06889 116 0.0587342 14 0.123894 2.1094
H06903 67 0.0339241 10 0.0884956 2.60864
H06957 134 0.0678481 30 0.265487 3.91296
H06962 131 0.0663291 17 0.150442 2.26811
H06985 110 0.0556962 30 0.265487 4.7667
H07070 119 0.0602532 26 0.230088 3.81869
H07242 143 0.0724051 28 0.247788 3.42225
H07248 25 0.0126582 11 0.0973451 7.69028
H07299 34 0.0172152 12 0.106195 6.16868
H07385 20 0.0101266 10 0.0884956 8.73893
H07386 6 0.00303797 6 0.0530973 17.4779
H07411 3 0.00151899 7 0.0619469 40.7816
H07546 135 0.0683544 32 0.283186 4.14291
H07603 110 0.0556962 27 0.238938 4.29002
H07650 40 0.0202532 8 0.0707965 3.49557
H07653 14 0.00708861 8 0.0707965 9.98736
H07654 14 0.00708861 8 0.0707965 9.98736
H07655 13 0.00658228 8 0.0707965 10.7556
H07775 92 0.0465823 19 0.168142 3.60957
H07776 61 0.0308861 16 0.141593 4.58436
H07787 114 0.0577215 14 0.123894 2.14641
H07816 32 0.0162025 12 0.106195 6.55424
H07818 136 0.0688608 32 0.283186 4.11244
H07842 86 0.0435443 35 0.309735 7.1131
H07900 64 0.0324051 11 0.0973451 3.00401
H08010 102 0.0516456 15 0.132743 2.57027
H08011 109 0.0551899 15 0.132743 2.4052
H08015 108 0.0546835 15 0.132743 2.42748
H08117 80 0.0405063 18 0.159292 3.93252
H08121 26 0.0131646 6 0.0530973 4.03334
H08227 30 0.0151899 7 0.0619469 4.07816
H08252 13 0.00658228 8 0.0707965 10.7556
H08253 13 0.00658228 8 0.0707965 10.7556
H08254 13 0.00658228 8 0.0707965 10.7556
H08257 92 0.0465823 22 0.19469 4.17948
H08258 93 0.0470886 22 0.19469 4.13455
H08270 75 0.0379747 14 0.123894 3.26254
H08296 9 0.00455696 16 0.141593 31.0718
H08297 9 0.00455696 15 0.132743 29.1297
H08298 9 0.00455696 15 0.132743 29.1297
H08322 6 0.00303797 8 0.0707965 23.3039
H08350 89 0.0450633 16 0.141593 3.14209
H08391 132 0.0668354 32 0.283186 4.23707
H08392 120 0.0607595 32 0.283186 4.66077
H08398 13 0.00658228 8 0.0707965 10.7556
H08399 11 0.00556962 8 0.0707965 12.7112
H08400 13 0.00658228 8 0.0707965 10.7556
H08401 13 0.00658228 8 0.0707965 10.7556
H08402 13 0.00658228 8 0.0707965 10.7556
H08489 104 0.0526582 25 0.221239 4.20142
H08499 66 0.0334177 14 0.123894 3.70744
H08623 18 0.00911392 8 0.0707965 7.76795
H08624 18 0.00911392 8 0.0707965 7.76795
H08778 64 0.0324051 11 0.0973451 3.00401
H08941 86 0.0435443 19 0.168142 3.8614
H08942 86 0.0435443 19 0.168142 3.8614
H08943 86 0.0435443 19 0.168142 3.8614
H08944 86 0.0435443 19 0.168142 3.8614
H08945 86 0.0435443 19 0.168142 3.8614
H08946 86 0.0435443 19 0.168142 3.8614
H08947 87 0.0440506 19 0.168142 3.81702
H08963 160 0.0810127 34 0.300885 3.71405
H08988 84 0.0425316 29 0.256637 6.03403
H08989 84 0.0425316 29 0.256637 6.03403
H08990 84 0.0425316 29 0.256637 6.03403
H08991 84 0.0425316 29 0.256637 6.03403
H08992 84 0.0425316 29 0.256637 6.03403
H08993 67 0.0339241 31 0.274336 8.08676
H09007 12 0.00607595 8 0.0707965 11.6519
H09014 109 0.0551899 15 0.132743 2.4052
H09113 67 0.0339241 14 0.123894 3.65209
H09141 32 0.0162025 10 0.0884956 5.46185
H09204 98 0.0496203 29 0.256637 5.17202
H09206 88 0.044557 16 0.141593 3.17779
H09207 88 0.044557 16 0.141593 3.17779
H09345 147 0.0744304 29 0.256637 3.44801
H09401 105 0.0531646 15 0.132743 2.49683
H09451 12 0.00607595 7 0.0619469 10.1954
H09624 86 0.0435443 13 0.115044 2.642
H09654 70 0.035443 9 0.079646 2.24716
H09655 140 0.0708861 34 0.300885 4.24463
H09656 90 0.0455696 14 0.123894 2.71879
H09657 128 0.0648101 32 0.283186 4.36947
H09658 105 0.0531646 14 0.123894 2.33039
H09659 93 0.0470886 11 0.0973451 2.06728
H09666 16 0.00810127 6 0.0530973 6.55419
H09763 8 0.00405063 7 0.0619469 15.2932
H09938 35 0.0177215 6 0.0530973 2.99621
H09945 15 0.00759494 6 0.0530973 6.99114
H09990 7 0.0035443 10 0.0884956 24.9684
H10005 93 0.0470886 30 0.265487 5.63803
H10104 12 0.00607595 8 0.0707965 11.6519
H10225 12 0.00607595 10 0.0884956 14.5649
H10232 117 0.0592405 18 0.159292 2.6889
H10302 98 0.0496203 21 0.185841 3.74526
H10318 103 0.0521519 22 0.19469 3.73313
H10340 38 0.0192405 8 0.0707965 3.67956
H10349 78 0.0394937 14 0.123894 3.13706
H10361 40 0.0202532 12 0.106195 5.24337
H10365 91 0.0460759 16 0.141593 3.07304
H10441 5 0.00253165 6 0.0530973 20.9734
H10473 86 0.0435443 26 0.230088 5.284
H10551 26 0.0131646 10 0.0884956 6.72224
H10558 40 0.0202532 8 0.0707965 3.49557
H10616 79 0.04 32 0.283186 7.07965
H10617 89 0.0450633 24 0.212389 4.71313
H10618 95 0.0481013 31 0.274336 5.7033
H10619 93 0.0470886 27 0.238938 5.07422
H10622 93 0.0470886 28 0.247788 5.26217
H10657 13 0.00658228 8 0.0707965 10.7556
H10670 87 0.0440506 17 0.150442 3.41521
H10692 154 0.0779747 23 0.20354 2.61033
H10752 80 0.0405063 19 0.168142 4.15101
H10781 161 0.081519 19 0.168142 2.06261
H10800 23 0.0116456 10 0.0884956 7.59906
H10861 13 0.00658228 8 0.0707965 10.7556
H10862 13 0.00658228 8 0.0707965 10.7556
H10873 114 0.0577215 19 0.168142 2.91299
H10874 115 0.0582278 19 0.168142 2.88766
H10932 162 0.0820253 36 0.318584 3.88397
H11007 7 0.0035443 7 0.0619469 17.4779
H11057 58 0.0293671 12 0.106195 3.61612
H11177 65 0.0329114 8 0.0707965 2.15112
H11182 13 0.00658228 8 0.0707965 10.7556
H11183 13 0.00658228 8 0.0707965 10.7556
H11184 13 0.00658228 8 0.0707965 10.7556
H11185 13 0.00658228 8 0.0707965 10.7556
H11186 13 0.00658228 8 0.0707965 10.7556
H11222 122 0.0617722 20 0.176991 2.86522
H11432 13 0.00658228 7 0.0619469 9.41116
H11484 117 0.0592405 15 0.132743 2.24075
H11485 119 0.0602532 15 0.132743 2.20309
H11591 41 0.0207595 9 0.079646 3.8366
H11747 10 0.00506329 8 0.0707965 13.9823
H12109 75 0.0379747 17 0.150442 3.96164
H12110 76 0.038481 17 0.150442 3.90951
H12111 76 0.038481 17 0.150442 3.90951
H12112 76 0.038481 17 0.150442 3.90951
H12113 76 0.038481 17 0.150442 3.90951
H12114 76 0.038481 17 0.150442 3.90951
H12115 76 0.038481 17 0.150442 3.90951
H12116 76 0.038481 17 0.150442 3.90951
H12172 48 0.0243038 7 0.0619469 2.54886
H12174 35 0.0177215 9 0.079646 4.49431
H12177 102 0.0516456 14 0.123894 2.39893
H12209 100 0.0506329 29 0.256637 5.06858
H12216 112 0.0567089 19 0.168142 2.965
H12217 99 0.0501266 20 0.176991 3.53088
H12220 58 0.0293671 8 0.0707965 2.41074
H12226 54 0.0273418 8 0.0707965 2.58931
H12228 145 0.0734177 20 0.176991 2.41074
H12357 49 0.0248101 8 0.0707965 2.85354
H12446 17 0.00860759 7 0.0619469 7.19678
H12521 76 0.038481 10 0.0884956 2.29972
H12522 85 0.043038 11 0.0973451 2.26184
H12531 58 0.0293671 16 0.141593 4.82148
H12532 59 0.0298734 16 0.141593 4.73977
H12533 59 0.0298734 16 0.141593 4.73977
H12534 63 0.0318987 16 0.141593 4.43883
H12619 77 0.0389873 17 0.150442 3.85874
H12620 77 0.0389873 17 0.150442 3.85874
H12621 77 0.0389873 17 0.150442 3.85874
H12622 77 0.0389873 17 0.150442 3.85874
H12710 79 0.04 32 0.283186 7.07965
H12824 171 0.0865823 29 0.256637 2.96408
H12900 13 0.00658228 8 0.0707965 10.7556
H12901 13 0.00658228 8 0.0707965 10.7556
H12925 71 0.0359494 15 0.132743 3.6925
H12995 40 0.0202532 8 0.0707965 3.49557
H12996 41 0.0207595 7 0.0619469 2.98403
H12997 40 0.0202532 8 0.0707965 3.49557
H12998 40 0.0202532 8 0.0707965 3.49557
H12999 41 0.0207595 7 0.0619469 2.98403
H13053 110 0.0556962 16 0.141593 2.54224
H13280 30 0.0151899 13 0.115044 7.57372
H13315 58 0.0293671 16 0.141593 4.82148
H13405 11 0.00556962 7 0.0619469 11.1223
H13406 11 0.00556962 7 0.0619469 11.1223
H13566 20 0.0101266 7 0.0619469 6.11725
H13590 31 0.0156962 6 0.0530973 3.38281
H13676 82 0.041519 10 0.0884956 2.13145
H13722 6 0.00303797 7 0.0619469 20.3909
H13723 6 0.00303797 7 0.0619469 20.3909
H13756 59 0.0298734 7 0.0619469 2.07365
H13840 6 0.00303797 6 0.0530973 17.4779
H13857 82 0.041519 19 0.168142 4.04976
H13858 45 0.0227848 10 0.0884956 3.88398
H13895 42 0.0212658 8 0.0707965 3.32912
H14051 91 0.0460759 24 0.212389 4.60955
H14077 64 0.0324051 9 0.079646 2.45782
H14079 67 0.0339241 8 0.0707965 2.08691
H14084 68 0.0344304 10 0.0884956 2.57028
H14242 105 0.0531646 15 0.132743 2.49683
H14243 162 0.0820253 19 0.168142 2.04988
H14244 100 0.0506329 14 0.123894 2.44691
H14245 113 0.0572152 15 0.132743 2.32007
H14248 60 0.0303797 8 0.0707965 2.33039
H14252 71 0.0359494 10 0.0884956 2.46167
H14255 96 0.0486076 12 0.106195 2.18474
H14262 115 0.0582278 39 0.345133 5.92729
H14290 127 0.0643038 15 0.132743 2.06431
H14529 57 0.0288608 7 0.0619469 2.1464
H14554 77 0.0389873 17 0.150442 3.85874
H14555 93 0.0470886 17 0.150442 3.19487
H14568 43 0.0217722 12 0.106195 4.87755
H14586 33 0.0167089 11 0.0973451 5.82594
H14600 31 0.0156962 6 0.0530973 3.38281
H14601 31 0.0156962 6 0.0530973 3.38281
H14602 31 0.0156962 6 0.0530973 3.38281
H14603 31 0.0156962 6 0.0530973 3.38281
H14604 31 0.0156962 6 0.0530973 3.38281
H14610 4 0.00202532 6 0.0530973 26.2167
H14895 85 0.043038 20 0.176991 4.11244
H14896 85 0.043038 20 0.176991 4.11244
H14897 85 0.043038 20 0.176991 4.11244
H14985 170 0.0860759 33 0.292035 3.39276
H15009 119 0.0602532 17 0.150442 2.49683
H15020 27 0.0136709 13 0.115044 8.41525
H15185 150 0.0759494 33 0.292035 3.84513
H15202 143 0.0724051 29 0.256637 3.54446
H15218 15 0.00759494 6 0.0530973 6.99114
H15303 21 0.0106329 10 0.0884956 8.32281
H15304 29 0.0146835 10 0.0884956 6.02687
H15305 29 0.0146835 10 0.0884956 6.02687
H15306 29 0.0146835 10 0.0884956 6.02687
H15349 110 0.0556962 37 0.327434 5.87893
H15350 107 0.0541772 14 0.123894 2.28683
H15351 109 0.0551899 38 0.336283 6.0932
H15355 112 0.0567089 16 0.141593 2.49684
H15356 115 0.0582278 15 0.132743 2.27972
H15409 80 0.0405063 13 0.115044 2.84015
H15410 80 0.0405063 13 0.115044 2.84015
H15411 80 0.0405063 13 0.115044 2.84015
H15421 118 0.0597468 14 0.123894 2.07365
H15440 28 0.0141772 11 0.0973451 6.86631
H15441 14 0.00708861 8 0.0707965 9.98736
H15505 6 0.00303797 11 0.0973451 32.0428
H15614 92 0.0465823 20 0.176991 3.79953
H15616 65 0.0329114 10 0.0884956 2.6889
H15620 73 0.036962 10 0.0884956 2.39423
H15690 57 0.0288608 9 0.079646 2.75966
H15718 71 0.0359494 31 0.274336 7.63117
H15749 67 0.0339241 16 0.141593 4.17382
H15756 140 0.0708861 32 0.283186 3.99494
H15951 24 0.0121519 6 0.0530973 4.36946
H16000 74 0.0374684 11 0.0973451 2.59806
H16001 74 0.0374684 11 0.0973451 2.59806
H16002 74 0.0374684 11 0.0973451 2.59806
H16007 69 0.0349367 11 0.0973451 2.78633
H16008 69 0.0349367 11 0.0973451 2.78633
H16009 69 0.0349367 11 0.0973451 2.78633
H16010 69 0.0349367 11 0.0973451 2.78633
H16019 18 0.00911392 12 0.106195 11.652
H16020 18 0.00911392 12 0.106195 11.652
H16021 18 0.00911392 12 0.106195 11.652
H16043 47 0.0237975 14 0.123894 5.20618
H16044 35 0.0177215 8 0.0707965 3.99495
H16045 47 0.0237975 14 0.123894 5.20618
H16047 177 0.0896203 35 0.309735 3.45608
H16066 171 0.0865823 32 0.283186 3.27071
H16070 137 0.0693671 18 0.159292 2.29636
H16072 98 0.0496203 34 0.300885 6.06375
H16078 67 0.0339241 9 0.079646 2.34777
H16086 114 0.0577215 31 0.274336 4.75275
H16087 97 0.0491139 30 0.265487 5.40554
H16089 142 0.0718987 34 0.300885 4.18485
H16090 129 0.0653165 32 0.283186 4.3356
H16093 118 0.0597468 25 0.221239 3.70294
H16101 97 0.0491139 22 0.19469 3.96405
H16103 111 0.0562025 21 0.185841 3.30663
H16104 92 0.0465823 34 0.300885 6.45921
H16109 160 0.0810127 32 0.283186 3.49558
H16126 54 0.0273418 8 0.0707965 2.58931
H16129 110 0.0556962 33 0.292035 5.24336
H16133 73 0.036962 10 0.0884956 2.39423
H16136 95 0.0481013 21 0.185841 3.86353
H16137 120 0.0607595 30 0.265487 4.36947
H16138 85 0.043038 10 0.0884956 2.05622
H16145 106 0.0536709 28 0.247788 4.6168
H16168 57 0.0288608 8 0.0707965 2.45303
H16169 117 0.0592405 31 0.274336 4.63089
H16170 69 0.0349367 16 0.141593 4.05284
H16264 16 0.00810127 8 0.0707965 8.73894
H16285 34 0.0172152 11 0.0973451 5.6546
H16294 18 0.00911392 12 0.106195 11.652
H16322 18 0.00911392 10 0.0884956 9.70994
H16349 102 0.0516456 15 0.132743 2.57027
H16372 34 0.0172152 15 0.132743 7.7108
H16373 39 0.0197468 16 0.141593 7.17043
H16374 36 0.0182278 16 0.141593 7.76797
H16375 34 0.0172152 16 0.141593 8.22488
H16377 36 0.0182278 16 0.141593 7.76797
H16378 36 0.0182278 16 0.141593 7.76797
H16379 36 0.0182278 16 0.141593 7.76797
H16380 36 0.0182278 16 0.141593 7.76797
H16381 36 0.0182278 16 0.141593 7.76797
H16382 36 0.0182278 16 0.141593 7.76797
H16383 36 0.0182278 16 0.141593 7.76797
H16384 36 0.0182278 16 0.141593 7.76797
H16385 36 0.0182278 16 0.141593 7.76797
H16386 36 0.0182278 16 0.141593 7.76797
H16387 36 0.0182278 16 0.141593 7.76797
H16388 36 0.0182278 16 0.141593 7.76797
H16524 77 0.0389873 18 0.159292 4.08574
H16587 86 0.0435443 10 0.0884956 2.03231
H16588 81 0.0410127 13 0.115044 2.80508
H16606 166 0.0840506 23 0.20354 2.42164
H16612 70 0.035443 10 0.0884956 2.49684
H16613 112 0.0567089 13 0.115044 2.02868
H16626 88 0.044557 20 0.176991 3.97224
H16628 105 0.0531646 14 0.123894 2.33039
H16631 62 0.0313924 8 0.0707965 2.25521
H16641 92 0.0465823 33 0.292035 6.26923
H16642 116 0.0587342 30 0.265487 4.52014
H16643 104 0.0526582 15 0.132743 2.52084
H16644 90 0.0455696 12 0.106195 2.33039
H16645 103 0.0521519 12 0.106195 2.03626
H16646 136 0.0688608 25 0.221239 3.21284
H16647 175 0.0886076 40 0.353982 3.99494
H16648 139 0.0703797 33 0.292035 4.14942
H16649 98 0.0496203 31 0.274336 5.5287
H16650 86 0.0435443 11 0.0973451 2.23554
H16652 61 0.0308861 8 0.0707965 2.29218
H16654 167 0.084557 36 0.318584 3.76768
H16656 149 0.075443 32 0.283186 3.75364
H16695 99 0.0501266 15 0.132743 2.64815
H16699 61 0.0308861 7 0.0619469 2.00566
H16700 167 0.084557 23 0.20354 2.40713
H16701 52 0.0263291 13 0.115044 4.36946
H16702 60 0.0303797 8 0.0707965 2.33039
H16733 114 0.0577215 26 0.230088 3.98617
H16737 71 0.0359494 9 0.079646 2.2155
H16740 50 0.0253165 9 0.079646 3.14601
H16767 9 0.00455696 10 0.0884956 19.4199
H16768 4 0.00202532 8 0.0707965 34.9557
H16779 125 0.0632911 29 0.256637 4.05487
H16883 27 0.0136709 12 0.106195 7.76796
H16884 35 0.0177215 13 0.115044 6.49178
H16885 26 0.0131646 13 0.115044 8.73889
H16891 30 0.0151899 12 0.106195 6.99116
H16892 27 0.0136709 12 0.106195 7.76796
H16893 27 0.0136709 13 0.115044 8.41525
H16894 27 0.0136709 13 0.115044 8.41525
H16938 25 0.0126582 7 0.0619469 4.89382
H17226 13 0.00658228 8 0.0707965 10.7556
H17227 13 0.00658228 8 0.0707965 10.7556
H17228 13 0.00658228 8 0.0707965 10.7556
H17393 127 0.0643038 26 0.230088 3.57814
H17431 112 0.0567089 23 0.20354 3.58921
H17518 115 0.0582278 15 0.132743 2.27972
H17519 115 0.0582278 15 0.132743 2.27972
H17520 114 0.0577215 15 0.132743 2.29972
H17521 114 0.0577215 15 0.132743 2.29972
H17522 114 0.0577215 15 0.132743 2.29972
H17544 8 0.00405063 12 0.106195 26.2169
H17545 8 0.00405063 12 0.106195 26.2169
H17714 73 0.036962 9 0.079646 2.15481
H17718 60 0.0303797 9 0.079646 2.62168
H17721 83 0.0420253 14 0.123894 2.94808
H17722 78 0.0394937 12 0.106195 2.68891
H17723 76 0.038481 12 0.106195 2.75967
H17729 91 0.0460759 14 0.123894 2.68891
H17731 94 0.0475949 13 0.115044 2.41715
H17738 73 0.036962 10 0.0884956 2.39423
H17857 96 0.0486076 15 0.132743 2.73091
H17858 97 0.0491139 15 0.132743 2.70276
H17859 97 0.0491139 15 0.132743 2.70276
H17860 103 0.0521519 15 0.132743 2.54531
H17861 109 0.0551899 15 0.132743 2.4052
H17942 42 0.0212658 16 0.141593 6.65825
H17943 36 0.0182278 16 0.141593 7.76797
H17969 127 0.0643038 18 0.159292 2.47718
H17970 129 0.0653165 18 0.159292 2.43877
H18027 40 0.0202532 8 0.0707965 3.49557
H18118 98 0.0496203 13 0.115044 2.31849
H18125 92 0.0465823 30 0.265487 5.69931
H18129 100 0.0506329 23 0.20354 4.01992
H18150 117 0.0592405 27 0.238938 4.03336
H18156 47 0.0237975 13 0.115044 4.83429
H18165 30 0.0151899 6 0.0530973 3.49557
H18179 18 0.00911392 8 0.0707965 7.76795
H18210 14 0.00708861 8 0.0707965 9.98736
H18230 17 0.00860759 6 0.0530973 6.16866
H18231 17 0.00860759 6 0.0530973 6.16866
H18232 17 0.00860759 6 0.0530973 6.16866
H18279 10 0.00506329 6 0.0530973 10.4867
H18320 49 0.0248101 18 0.159292 6.42045
H18404 39 0.0197468 13 0.115044 5.82596
H18405 39 0.0197468 13 0.115044 5.82596
H18420 43 0.0217722 8 0.0707965 3.25169
H18428 163 0.0825316 33 0.292035 3.53846
H18469 7 0.0035443 7 0.0619469 17.4779
H18529 42 0.0212658 7 0.0619469 2.91298
H18585 92 0.0465823 19 0.168142 3.60957
H18645 119 0.0602532 22 0.19469 3.2312
H18653 10 0.00506329 8 0.0707965 13.9823
H18654 10 0.00506329 7 0.0619469 12.2345
H18662 57 0.0288608 8 0.0707965 2.45303
H18663 154 0.0779747 34 0.300885 3.85875
H18668 63 0.0318987 9 0.079646 2.49684
H18671 70 0.035443 9 0.079646 2.24716
H18673 80 0.0405063 11 0.0973451 2.40321
H18674 84 0.0425316 15 0.132743 3.12104
H18675 73 0.036962 10 0.0884956 2.39423
H18681 5 0.00253165 8 0.0707965 27.9646
H18876 28 0.0141772 10 0.0884956 6.24211
H18904 101 0.0511392 30 0.265487 5.19146
H18912 18 0.00911392 12 0.106195 11.652
H18929 49 0.0248101 14 0.123894 4.99369
H18930 37 0.0187342 9 0.079646 4.25137
H18952 114 0.0577215 15 0.132743 2.29972
H18953 115 0.0582278 15 0.132743 2.27972
H18975 127 0.0643038 18 0.159292 2.47718
H19011 21 0.0106329 6 0.0530973 4.99368
H19013 36 0.0182278 13 0.115044 6.31146
H19083 17 0.00860759 12 0.106195 12.3374
H19208 11 0.00556962 14 0.123894 22.2446
H19216 93 0.0470886 15 0.132743 2.81901
H19217 91 0.0460759 19 0.168142 3.64924
H19367 111 0.0562025 19 0.168142 2.99172
H19586 76 0.038481 30 0.265487 6.89917
H19587 67 0.0339241 30 0.265487 7.82591
H19730 5 0.00253165 10 0.0884956 34.9557
H19965 60 0.0303797 12 0.106195 3.49559
H19973 103 0.0521519 15 0.132743 2.54531
H19976 97 0.0491139 14 0.123894 2.52259
H19979 79 0.04 10 0.0884956 2.21239
H19981 89 0.0450633 13 0.115044 2.55294
H19982 54 0.0273418 8 0.0707965 2.58931
H20000 21 0.0106329 6 0.0530973 4.99368
H20045 40 0.0202532 8 0.0707965 3.49557
H20060 36 0.0182278 9 0.079646 4.36948
H20061 117 0.0592405 19 0.168142 2.83829
H20175 122 0.0617722 20 0.176991 2.86522
H20176 124 0.0627848 20 0.176991 2.81901
H20249 131 0.0663291 19 0.168142 2.53497
H20323 86 0.0435443 14 0.123894 2.84524
H20350 22 0.0111392 8 0.0707965 6.35562
H20351 20 0.0101266 8 0.0707965 6.99114
H20352 20 0.0101266 8 0.0707965 6.99114
H20353 20 0.0101266 8 0.0707965 6.99114
H20395 22 0.0111392 7 0.0619469 5.56116
H20402 39 0.0197468 12 0.106195 5.37783
H20475 39 0.0197468 12 0.106195 5.37783
H20476 40 0.0202532 12 0.106195 5.24337
H20504 87 0.0440506 16 0.141593 3.21433
H20505 87 0.0440506 16 0.141593 3.21433
H20506 88 0.044557 16 0.141593 3.17779
H20507 87 0.0440506 16 0.141593 3.21433
H20508 88 0.044557 17 0.150442 3.37639
H20509 83 0.0420253 22 0.19469 4.63269
H20600 11 0.00556962 7 0.0619469 11.1223
H20603 9 0.00455696 7 0.0619469 13.5939
H20635 72 0.0364557 19 0.168142 4.61223
H20645 125 0.0632911 20 0.176991 2.79646
H20772 102 0.0516456 12 0.106195 2.05623
H20884 121 0.0612658 22 0.19469 3.17779
H20909 48 0.0243038 8 0.0707965 2.91298
H21232 75 0.0379747 12 0.106195 2.79647
H21278 35 0.0177215 8 0.0707965 3.99495
H21364 46 0.0232911 10 0.0884956 3.79955
H21365 45 0.0227848 6 0.0530973 2.33038
H21387 83 0.0420253 16 0.141593 3.36923
H21479 7 0.0035443 6 0.0530973 14.981
H21633 41 0.0207595 9 0.079646 3.8366
H21727 8 0.00405063 10 0.0884956 21.8474
H21728 13 0.00658228 8 0.0707965 10.7556
H21729 13 0.00658228 8 0.0707965 10.7556
H21749 157 0.0794937 21 0.185841 2.33781
H21754 28 0.0141772 12 0.106195 7.49055
H21914 52 0.0263291 12 0.106195 4.03337
H22066 96 0.0486076 40 0.353982 7.28244
H22089 120 0.0607595 18 0.159292 2.62168
H22373 29 0.0146835 6 0.0530973 3.61612
H22375 31 0.0156962 6 0.0530973 3.38281
H22376 28 0.0141772 6 0.0530973 3.74526
H22377 28 0.0141772 6 0.0530973 3.74526
H22414 4 0.00202532 8 0.0707965 34.9557
H22415 5 0.00253165 8 0.0707965 27.9646
H22416 5 0.00253165 8 0.0707965 27.9646
H22452 62 0.0313924 13 0.115044 3.66471
H22521 11 0.00556962 10 0.0884956 15.889
H22632 106 0.0536709 15 0.132743 2.47328
H22633 106 0.0536709 15 0.132743 2.47328
H22634 106 0.0536709 15 0.132743 2.47328
H22635 109 0.0551899 15 0.132743 2.4052
H22727 44 0.0222785 8 0.0707965 3.17779
H22728 44 0.0222785 8 0.0707965 3.17779
H22791 32 0.0162025 13 0.115044 7.10039
H22792 36 0.0182278 12 0.106195 5.82599
H22793 36 0.0182278 13 0.115044 6.31146
H22794 31 0.0156962 12 0.106195 6.76565
H22795 26 0.0131646 13 0.115044 8.73889
H22983 6 0.00303797 6 0.0530973 17.4779
H23000 8 0.00405063 12 0.106195 26.2169
H23034 22 0.0111392 8 0.0707965 6.35562
H23124 171 0.0865823 34 0.300885 3.47513
H23147 56 0.0283544 10 0.0884956 3.12105
H23202 94 0.0475949 15 0.132743 2.78902
H23206 100 0.0506329 13 0.115044 2.27212
H23207 78 0.0394937 10 0.0884956 2.24075
H23208 36 0.0182278 9 0.079646 4.36948
H23210 110 0.0556962 14 0.123894 2.22446
H23211 80 0.0405063 13 0.115044 2.84015
H23212 108 0.0546835 17 0.150442 2.75114
H23355 86 0.0435443 11 0.0973451 2.23554
H23383 4 0.00202532 7 0.0619469 30.5862
H23384 4 0.00202532 7 0.0619469 30.5862
H23385 4 0.00202532 7 0.0619469 30.5862
H23494 59 0.0298734 14 0.123894 4.1473
H23541 101 0.0511392 20 0.176991 3.46097
H23684 6 0.00303797 6 0.0530973 17.4779
H23685 8 0.00405063 7 0.0619469 15.2932
H23714 118 0.0597468 15 0.132743 2.22176
H23931 28 0.0141772 6 0.0530973 3.74526
H23932 28 0.0141772 6 0.0530973 3.74526
H23933 28 0.0141772 6 0.0530973 3.74526
H23934 41 0.0207595 11 0.0973451 4.68918
H23950 102 0.0516456 12 0.106195 2.05623
H24059 7 0.0035443 6 0.0530973 14.981
H24191 131 0.0663291 33 0.292035 4.40282
H24223 96 0.0486076 21 0.185841 3.82329
H24336 2 0.00101266 7 0.0619469 61.1725
H24387 74 0.0374684 9 0.079646 2.12568
H24388 71 0.0359494 9 0.079646 2.2155
H24576 142 0.0718987 19 0.168142 2.3386
H24594 154 0.0779747 27 0.238938 3.0643
H24677 148 0.0749367 30 0.265487 3.54282
H24807 18 0.00911392 8 0.0707965 7.76795
H24986 106 0.0536709 25 0.221239 4.12214
H24987 137 0.0693671 16 0.141593 2.04121
H25025 63 0.0318987 9 0.079646 2.49684
H25026 117 0.0592405 17 0.150442 2.53951
H25213 56 0.0283544 10 0.0884956 3.12105
H25290 157 0.0794937 32 0.283186 3.56237
H25295 14 0.00708861 8 0.0707965 9.98736
H25296 14 0.00708861 8 0.0707965 9.98736
H25297 14 0.00708861 8 0.0707965 9.98736
H25298 14 0.00708861 8 0.0707965 9.98736
H25313 77 0.0389873 9 0.079646 2.04287
H25352 173 0.0875949 30 0.265487 3.03085
H25683 89 0.0450633 14 0.123894 2.74933
H25685 140 0.0708861 30 0.265487 3.74526
H25686 40 0.0202532 8 0.0707965 3.49557
H25689 106 0.0536709 14 0.123894 2.3084
H25690 84 0.0425316 11 0.0973451 2.28877
H25691 118 0.0597468 22 0.19469 3.25858
H25717 33 0.0167089 12 0.106195 6.35559
H25720 106 0.0536709 16 0.141593 2.63817
H25741 13 0.00658228 8 0.0707965 10.7556
H25742 13 0.00658228 8 0.0707965 10.7556
H25743 13 0.00658228 8 0.0707965 10.7556
H25744 13 0.00658228 8 0.0707965 10.7556
H25794 67 0.0339241 17 0.150442 4.43466
H25916 138 0.0698734 20 0.176991 2.53302
H25938 98 0.0496203 15 0.132743 2.67518
H25939 88 0.044557 12 0.106195 2.38335
H25940 88 0.044557 13 0.115044 2.58195
H25941 96 0.0486076 20 0.176991 3.64122
H25942 80 0.0405063 15 0.132743 3.2771
H25967 194 0.0982278 25 0.221239 2.25231
H25968 84 0.0425316 11 0.0973451 2.28877
H26043 76 0.038481 27 0.238938 6.20925
H26047 13 0.00658228 8 0.0707965 10.7556
H26048 13 0.00658228 8 0.0707965 10.7556
H26049 13 0.00658228 8 0.0707965 10.7556
H26265 9 0.00455696 8 0.0707965 15.5359
H26321 98 0.0496203 21 0.185841 3.74526
H26386 3 0.00151899 6 0.0530973 34.9557
H26387 6 0.00303797 7 0.0619469 20.3909
H26389 67 0.0339241 8 0.0707965 2.08691
H26622 32 0.0162025 7 0.0619469 3.82329
H26716 130 0.0658228 21 0.185841 2.82335
H26720 107 0.0541772 32 0.283186 5.22703
H26792 87 0.0440506 16 0.141593 3.21433
H26823 6 0.00303797 7 0.0619469 20.3909
H26874 36 0.0182278 16 0.141593 7.76797
H26882 109 0.0551899 15 0.132743 2.4052
H26888 93 0.0470886 16 0.141593 3.00695
H27020 7 0.0035443 6 0.0530973 14.981
H27064 115 0.0582278 15 0.132743 2.27972
H27220 40 0.0202532 12 0.106195 5.24337
H27226 69 0.0349367 11 0.0973451 2.78633
H27227 69 0.0349367 11 0.0973451 2.78633
H27233 40 0.0202532 12 0.106195 5.24337
H27326 92 0.0465823 13 0.115044 2.46969
H27548 70 0.035443 17 0.150442 4.24462
H27566 147 0.0744304 26 0.230088 3.09132
H27800 9 0.00455696 7 0.0619469 13.5939
H27835 25 0.0126582 6 0.0530973 4.1947
H27887 20 0.0101266 7 0.0619469 6.11725
H27944 60 0.0303797 16 0.141593 4.66078
H28017 70 0.035443 10 0.0884956 2.49684
H28050 70 0.035443 14 0.123894 3.49558
H28087 21 0.0106329 8 0.0707965 6.65825
H28088 18 0.00911392 8 0.0707965 7.76795
H28089 18 0.00911392 8 0.0707965 7.76795
H28191 57 0.0288608 15 0.132743 4.59942
H28209 25 0.0126582 8 0.0707965 5.59294
H28272 149 0.075443 18 0.159292 2.11142
H28273 148 0.0749367 18 0.159292 2.12569
H28274 168 0.0850633 28 0.247788 2.91298
H28427 7 0.0035443 6 0.0530973 14.981
H28517 13 0.00658228 8 0.0707965 10.7556
H28518 13 0.00658228 8 0.0707965 10.7556
H28519 13 0.00658228 8 0.0707965 10.7556
H28520 13 0.00658228 8 0.0707965 10.7556
H28521 13 0.00658228 8 0.0707965 10.7556
H28522 13 0.00658228 8 0.0707965 10.7556
H28523 13 0.00658228 8 0.0707965 10.7556
H28524 13 0.00658228 8 0.0707965 10.7556
H28525 13 0.00658228 8 0.0707965 10.7556
H28526 13 0.00658228 8 0.0707965 10.7556
H28527 13 0.00658228 8 0.0707965 10.7556
H28528 13 0.00658228 8 0.0707965 10.7556
H28529 13 0.00658228 8 0.0707965 10.7556
H28530 13 0.00658228 8 0.0707965 10.7556
H28531 13 0.00658228 8 0.0707965 10.7556
H28532 13 0.00658228 8 0.0707965 10.7556
H28533 13 0.00658228 8 0.0707965 10.7556
H28534 13 0.00658228 8 0.0707965 10.7556
H28535 13 0.00658228 8 0.0707965 10.7556
H28536 13 0.00658228 8 0.0707965 10.7556
H28593 97 0.0491139 19 0.168142 3.42351
H28594 97 0.0491139 19 0.168142 3.42351
H28711 17 0.00860759 10 0.0884956 10.2811
H28814 91 0.0460759 15 0.132743 2.88096
H29037 139 0.0703797 17 0.150442 2.13758
H29061 156 0.0789873 29 0.256637 3.24909
H29086 23 0.0116456 10 0.0884956 7.59906
H29354 101 0.0511392 19 0.168142 3.28793
H29585 18 0.00911392 10 0.0884956 9.70994
H29590 27 0.0136709 10 0.0884956 6.47328
H29596 41 0.0207595 9 0.079646 3.8366
H29671 103 0.0521519 18 0.159292 3.05439
H29672 108 0.0546835 18 0.159292 2.91298
H29745 22 0.0111392 10 0.0884956 7.94452
H29756 71 0.0359494 15 0.132743 3.6925
H29954 41 0.0207595 8 0.0707965 3.41032
H29955 41 0.0207595 8 0.0707965 3.41032
H30276 11 0.00556962 11 0.0973451 17.4779
H30277 11 0.00556962 11 0.0973451 17.4779
H30278 11 0.00556962 11 0.0973451 17.4779
H30349 110 0.0556962 15 0.132743 2.38334
H30461 71 0.0359494 12 0.106195 2.95401
H30466 98 0.0496203 29 0.256637 5.17202
H30553 161 0.081519 34 0.300885 3.69098
H30561 113 0.0572152 15 0.132743 2.32007
H30652 7 0.0035443 9 0.079646 22.4716
H30654 143 0.0724051 32 0.283186 3.91113
H30674 16 0.00810127 10 0.0884956 10.9237
H30681 16 0.00810127 10 0.0884956 10.9237
H30682 16 0.00810127 10 0.0884956 10.9237
H30683 16 0.00810127 10 0.0884956 10.9237
H30726 105 0.0531646 15 0.132743 2.49683
H30727 107 0.0541772 15 0.132743 2.45016
H30728 114 0.0577215 15 0.132743 2.29972
H30745 151 0.0764557 29 0.256637 3.35668
H30758 110 0.0556962 14 0.123894 2.22446
H30832 29 0.0146835 6 0.0530973 3.61612
H31421 6 0.00303797 12 0.106195 34.9559
H31493 26 0.0131646 13 0.115044 8.73889
H31812 18 0.00911392 6 0.0530973 5.82596
H31857 101 0.0511392 25 0.221239 4.32621
H31867 121 0.0612658 16 0.141593 2.31113
H32269 18 0.00911392 10 0.0884956 9.70994
H32365 4 0.00202532 7 0.0619469 30.5862
H32468 5 0.00253165 6 0.0530973 20.9734
H32469 8 0.00405063 7 0.0619469 15.2932
H32614 6 0.00303797 12 0.106195 34.9559
H32707 26 0.0131646 13 0.115044 8.73889
H33494 18 0.00911392 10 0.0884956 9.70994
H33552 6 0.00303797 7 0.0619469 20.3909
