H00065 9 0.00445986 7 0.1 22.4222
H00066 9 0.00445986 8 0.114286 25.6255
H00067 9 0.00445986 8 0.114286 25.6255
H00068 9 0.00445986 8 0.114286 25.6255
H00069 9 0.00445986 8 0.114286 25.6255
H00070 9 0.00445986 8 0.114286 25.6255
H00072 10 0.0049554 7 0.1 20.18
H00073 8 0.00396432 7 0.1 25.225
H00102 33 0.0163528 5 0.0714286 4.36797
H00235 43 0.0213082 4 0.0571429 2.68173
H00327 8 0.00396432 8 0.114286 28.8287
H00329 33 0.0163528 4 0.0571429 3.49438
H00405 11 0.00545094 7 0.1 18.3455
H00430 31 0.0153617 4 0.0571429 3.71983
H00431 31 0.0153617 4 0.0571429 3.71983
H00432 31 0.0153617 4 0.0571429 3.71983
H00436 7 0.00346878 7 0.1 28.8286
H00442 9 0.00445986 7 0.1 22.4222
H00443 7 0.00346878 8 0.114286 32.947
H00461 28 0.0138751 4 0.0571429 4.11838
H00527 11 0.00545094 8 0.114286 20.9663
H00545 7 0.00346878 7 0.1 28.8286
H00546 8 0.00396432 7 0.1 25.225
H00565 9 0.00445986 7 0.1 22.4222
H00572 7 0.00346878 8 0.114286 32.947
H00573 7 0.00346878 8 0.114286 32.947
H00574 7 0.00346878 8 0.114286 32.947
H00613 31 0.0153617 4 0.0571429 3.71983
H00614 31 0.0153617 4 0.0571429 3.71983
H00615 39 0.0193261 4 0.0571429 2.95677
H00616 39 0.0193261 4 0.0571429 2.95677
H00670 5 0.0024777 5 0.0714286 28.8286
H00671 5 0.0024777 5 0.0714286 28.8286
H00675 7 0.00346878 6 0.0857143 24.7102
H00700 29 0.0143707 4 0.0571429 3.97635
H00701 27 0.0133796 4 0.0571429 4.2709
H00748 8 0.00396432 7 0.1 25.225
H00756 2 0.00099108 4 0.0571429 57.6572
H00765 10 0.0049554 8 0.114286 23.0629
H00766 23 0.0113974 6 0.0857143 7.52051
H00779 33 0.0163528 4 0.0571429 3.49438
H00824 29 0.0143707 4 0.0571429 3.97635
H00825 31 0.0153617 6 0.0857143 5.57974
H00826 29 0.0143707 4 0.0571429 3.97635
H00828 30 0.0148662 4 0.0571429 3.84381
H00881 9 0.00445986 10 0.142857 32.0317
H00883 9 0.00445986 6 0.0857143 19.2191
H00912 51 0.0252725 5 0.0714286 2.82634
H00913 51 0.0252725 5 0.0714286 2.82634
H00923 28 0.0138751 4 0.0571429 4.11838
H00930 8 0.00396432 6 0.0857143 21.6214
H00949 10 0.0049554 8 0.114286 23.0629
H00964 10 0.0049554 4 0.0571429 11.5314
H00981 7 0.00346878 5 0.0714286 20.5919
H00982 10 0.0049554 5 0.0714286 14.4143
H00983 9 0.00445986 5 0.0714286 16.0159
H01001 32 0.0158573 4 0.0571429 3.60357
H01002 30 0.0148662 4 0.0571429 3.84381
H01035 30 0.0148662 4 0.0571429 3.84381
H01109 18 0.00891972 7 0.1 11.2111
H01147 42 0.0208127 9 0.128571 6.17753
H01152 9 0.00445986 8 0.114286 25.6255
H01153 27 0.0133796 4 0.0571429 4.2709
H01154 27 0.0133796 4 0.0571429 4.2709
H01155 27 0.0133796 4 0.0571429 4.2709
H01191 32 0.0158573 4 0.0571429 3.60357
H01221 11 0.00545094 10 0.142857 26.2078
H01223 9 0.00445986 10 0.142857 32.0317
H01244 29 0.0143707 4 0.0571429 3.97635
H01245 33 0.0163528 4 0.0571429 3.49438
H01259 31 0.0153617 4 0.0571429 3.71983
H01260 27 0.0133796 4 0.0571429 4.2709
H01264 9 0.00445986 4 0.0571429 12.8127
H01265 8 0.00396432 4 0.0571429 14.4143
H01266 9 0.00445986 4 0.0571429 12.8127
H01314 27 0.0133796 4 0.0571429 4.2709
H01356 40 0.0198216 4 0.0571429 2.88286
H01408 57 0.0282458 4 0.0571429 2.02306
H01476 31 0.0153617 4 0.0571429 3.71983
H01477 33 0.0163528 4 0.0571429 3.49438
H01491 3 0.00148662 4 0.0571429 38.4381
H01492 32 0.0158573 5 0.0714286 4.50446
H01510 73 0.0361744 7 0.1 2.76439
H01511 6 0.00297324 4 0.0571429 19.2191
H01512 3 0.00148662 4 0.0571429 38.4381
H01534 29 0.0143707 4 0.0571429 3.97635
H01535 29 0.0143707 4 0.0571429 3.97635
H01551 31 0.0153617 4 0.0571429 3.71983
H01552 31 0.0153617 4 0.0571429 3.71983
H01553 31 0.0153617 4 0.0571429 3.71983
H01571 10 0.0049554 5 0.0714286 14.4143
H01572 10 0.0049554 5 0.0714286 14.4143
H01581 30 0.0148662 4 0.0571429 3.84381
H01583 27 0.0133796 4 0.0571429 4.2709
H01713 60 0.0297324 5 0.0714286 2.40238
H01820 5 0.0024777 6 0.0857143 34.5943
H01821 18 0.00891972 6 0.0857143 9.60953
H01822 11 0.00545094 6 0.0857143 15.7247
H01823 5 0.0024777 6 0.0857143 34.5943
H01904 53 0.0262636 5 0.0714286 2.71968
H01905 51 0.0252725 5 0.0714286 2.82634
H01929 11 0.00545094 8 0.114286 20.9663
H01939 30 0.0148662 4 0.0571429 3.84381
H01950 27 0.0133796 4 0.0571429 4.2709
H02028 13 0.00644202 6 0.0857143 13.3055
H02049 28 0.0138751 4 0.0571429 4.11838
H02059 33 0.0163528 4 0.0571429 3.49438
H02093 43 0.0213082 4 0.0571429 2.68173
H02107 10 0.0049554 10 0.142857 28.8286
H02108 11 0.00545094 9 0.128571 23.5869
H02109 10 0.0049554 10 0.142857 28.8286
H02110 10 0.0049554 10 0.142857 28.8286
H02144 66 0.0327056 7 0.1 3.05758
H02248 51 0.0252725 5 0.0714286 2.82634
H02309 8 0.00396432 4 0.0571429 14.4143
H02311 8 0.00396432 6 0.0857143 21.6214
H02312 10 0.0049554 5 0.0714286 14.4143
H02314 10 0.0049554 9 0.128571 25.9456
H02315 10 0.0049554 9 0.128571 25.9456
H02334 36 0.0178394 4 0.0571429 3.20319
H02365 30 0.0148662 4 0.0571429 3.84381
H02366 30 0.0148662 4 0.0571429 3.84381
H02376 7 0.00346878 7 0.1 28.8286
H02377 7 0.00346878 7 0.1 28.8286
H02452 11 0.00545094 6 0.0857143 15.7247
H02453 11 0.00545094 6 0.0857143 15.7247
H02454 11 0.00545094 6 0.0857143 15.7247
H02455 11 0.00545094 6 0.0857143 15.7247
H02456 11 0.00545094 6 0.0857143 15.7247
H02457 11 0.00545094 6 0.0857143 15.7247
H02458 11 0.00545094 6 0.0857143 15.7247
H02459 11 0.00545094 6 0.0857143 15.7247
H02555 16 0.00792864 4 0.0571429 7.20715
H02573 8 0.00396432 6 0.0857143 21.6214
H02619 31 0.0153617 4 0.0571429 3.71983
H02623 46 0.0227948 4 0.0571429 2.50684
H02684 9 0.00445986 8 0.114286 25.6255
H02685 11 0.00545094 8 0.114286 20.9663
H02688 6 0.00297324 6 0.0857143 28.8286
H02691 6 0.00297324 8 0.114286 38.4382
H02692 6 0.00297324 8 0.114286 38.4382
H02693 4 0.00198216 8 0.114286 57.6573
H02699 31 0.0153617 4 0.0571429 3.71983
H02700 31 0.0153617 4 0.0571429 3.71983
H02701 31 0.0153617 4 0.0571429 3.71983
H02702 38 0.0188305 4 0.0571429 3.03459
H02723 10 0.0049554 5 0.0714286 14.4143
H02724 10 0.0049554 5 0.0714286 14.4143
H02725 12 0.00594648 5 0.0714286 12.0119
H02726 11 0.00545094 6 0.0857143 15.7247
H02773 9 0.00445986 6 0.0857143 19.2191
H02808 5 0.0024777 6 0.0857143 34.5943
H02833 6 0.00297324 5 0.0714286 24.0238
H02834 7 0.00346878 5 0.0714286 20.5919
H02839 47 0.0232904 4 0.0571429 2.4535
H02840 47 0.0232904 4 0.0571429 2.4535
H02841 47 0.0232904 4 0.0571429 2.4535
H02861 7 0.00346878 6 0.0857143 24.7102
H02923 16 0.00792864 7 0.1 12.6125
H02936 32 0.0158573 4 0.0571429 3.60357
H02937 32 0.0158573 4 0.0571429 3.60357
H02938 32 0.0158573 4 0.0571429 3.60357
H02939 32 0.0158573 4 0.0571429 3.60357
H02949 27 0.0133796 4 0.0571429 4.2709
H02965 31 0.0153617 4 0.0571429 3.71983
H02966 33 0.0163528 4 0.0571429 3.49438
H03022 27 0.0133796 4 0.0571429 4.2709
H03024 9 0.00445986 10 0.142857 32.0317
H03097 31 0.0153617 4 0.0571429 3.71983
H03121 79 0.0391477 7 0.1 2.55443
H03141 59 0.0292369 5 0.0714286 2.4431
H03149 96 0.0475719 7 0.1 2.10208
H03178 31 0.0153617 4 0.0571429 3.71983
H03205 29 0.0143707 4 0.0571429 3.97635
H03211 25 0.0123885 5 0.0714286 5.76572
H03212 24 0.011893 5 0.0714286 6.00594
H03225 48 0.0237859 4 0.0571429 2.40239
H03226 44 0.0218038 4 0.0571429 2.62078
H03227 7 0.00346878 5 0.0714286 20.5919
H03238 9 0.00445986 5 0.0714286 16.0159
H03246 9 0.00445986 4 0.0571429 12.8127
H03272 31 0.0153617 4 0.0571429 3.71983
H03283 4 0.00198216 4 0.0571429 28.8286
H03302 31 0.0153617 4 0.0571429 3.71983
H03317 30 0.0148662 4 0.0571429 3.84381
H03333 69 0.0341923 5 0.0714286 2.08903
H03374 7 0.00346878 7 0.1 28.8286
H03384 28 0.0138751 4 0.0571429 4.11838
H03401 34 0.0168484 4 0.0571429 3.39159
H03402 34 0.0168484 4 0.0571429 3.39159
H03411 11 0.00545094 10 0.142857 26.2078
H03459 12 0.00594648 7 0.1 16.8167
H03460 12 0.00594648 7 0.1 16.8167
H03461 11 0.00545094 7 0.1 18.3455
H03485 8 0.00396432 7 0.1 25.225
H03486 8 0.00396432 7 0.1 25.225
H03494 7 0.00346878 8 0.114286 32.947
H03495 9 0.00445986 4 0.0571429 12.8127
H03502 107 0.0530228 8 0.114286 2.15541
H03509 33 0.0163528 4 0.0571429 3.49438
H03510 33 0.0163528 4 0.0571429 3.49438
H03511 33 0.0163528 4 0.0571429 3.49438
H03536 31 0.0153617 4 0.0571429 3.71983
H03562 8 0.00396432 6 0.0857143 21.6214
H03580 82 0.0406343 6 0.0857143 2.10941
H03598 30 0.0148662 4 0.0571429 3.84381
H03599 30 0.0148662 4 0.0571429 3.84381
H03610 8 0.00396432 5 0.0714286 18.0179
H03611 8 0.00396432 5 0.0714286 18.0179
H03612 8 0.00396432 5 0.0714286 18.0179
H03613 8 0.00396432 5 0.0714286 18.0179
H03614 10 0.0049554 6 0.0857143 17.2972
H03658 30 0.0148662 4 0.0571429 3.84381
H03659 27 0.0133796 4 0.0571429 4.2709
H03674 105 0.0520317 10 0.142857 2.74558
H03696 8 0.00396432 6 0.0857143 21.6214
H03724 53 0.0262636 5 0.0714286 2.71968
H03769 47 0.0232904 4 0.0571429 2.4535
H03770 33 0.0163528 4 0.0571429 3.49438
H03809 28 0.0138751 4 0.0571429 4.11838
H03954 9 0.00445986 7 0.1 22.4222
H03955 9 0.00445986 9 0.128571 28.8285
H03982 31 0.0153617 4 0.0571429 3.71983
H04000 7 0.00346878 7 0.1 28.8286
H04001 6 0.00297324 7 0.1 33.6333
H04002 6 0.00297324 7 0.1 33.6333
H04033 19 0.00941526 4 0.0571429 6.06918
H04034 19 0.00941526 4 0.0571429 6.06918
H04054 35 0.0173439 4 0.0571429 3.2947
H04055 31 0.0153617 9 0.128571 8.36958
H04082 9 0.00445986 10 0.142857 32.0317
H04094 19 0.00941526 4 0.0571429 6.06918
H04123 30 0.0148662 4 0.0571429 3.84381
H04124 30 0.0148662 4 0.0571429 3.84381
H04160 30 0.0148662 4 0.0571429 3.84381
H04185 7 0.00346878 7 0.1 28.8286
H04199 4 0.00198216 4 0.0571429 28.8286
H04207 31 0.0153617 4 0.0571429 3.71983
H04216 8 0.00396432 6 0.0857143 21.6214
H04236 31 0.0153617 4 0.0571429 3.71983
H04256 7 0.00346878 7 0.1 28.8286
H04257 7 0.00346878 7 0.1 28.8286
H04283 8 0.00396432 8 0.114286 28.8287
H04296 31 0.0153617 4 0.0571429 3.71983
H04307 31 0.0153617 4 0.0571429 3.71983
H04308 27 0.0133796 4 0.0571429 4.2709
H04309 27 0.0133796 4 0.0571429 4.2709
H04328 9 0.00445986 9 0.128571 28.8285
H04329 9 0.00445986 9 0.128571 28.8285
H04330 9 0.00445986 8 0.114286 25.6255
H04331 9 0.00445986 9 0.128571 28.8285
H04332 9 0.00445986 7 0.1 22.4222
H04333 9 0.00445986 7 0.1 22.4222
H04392 11 0.00545094 7 0.1 18.3455
H04415 31 0.0153617 4 0.0571429 3.71983
H04417 9 0.00445986 7 0.1 22.4222
H04418 9 0.00445986 7 0.1 22.4222
H04419 9 0.00445986 7 0.1 22.4222
H04426 8 0.00396432 5 0.0714286 18.0179
H04427 8 0.00396432 5 0.0714286 18.0179
H04428 8 0.00396432 5 0.0714286 18.0179
H04446 9 0.00445986 9 0.128571 28.8285
H04447 9 0.00445986 9 0.128571 28.8285
H04502 5 0.0024777 4 0.0571429 23.0629
H04503 5 0.0024777 4 0.0571429 23.0629
H04537 4 0.00198216 6 0.0857143 43.2429
H04587 6 0.00297324 6 0.0857143 28.8286
H04597 11 0.00545094 4 0.0571429 10.4831
H04598 11 0.00545094 4 0.0571429 10.4831
H04624 12 0.00594648 6 0.0857143 14.4143
H04625 12 0.00594648 6 0.0857143 14.4143
H04660 8 0.00396432 8 0.114286 28.8287
H04667 10 0.0049554 8 0.114286 23.0629
H04739 18 0.00891972 4 0.0571429 6.40636
H04746 11 0.00545094 9 0.128571 23.5869
H04747 11 0.00545094 9 0.128571 23.5869
H04782 115 0.0569871 8 0.114286 2.00547
H04784 108 0.0535183 8 0.114286 2.13546
H04807 8 0.00396432 7 0.1 25.225
H04834 7 0.00346878 6 0.0857143 24.7102
H04835 17 0.00842418 7 0.1 11.8706
H04857 9 0.00445986 7 0.1 22.4222
H04871 16 0.00792864 4 0.0571429 7.20715
H04872 16 0.00792864 4 0.0571429 7.20715
H04875 28 0.0138751 4 0.0571429 4.11838
H04964 29 0.0143707 5 0.0714286 4.97043
H04965 28 0.0138751 5 0.0714286 5.14797
H04993 31 0.0153617 4 0.0571429 3.71983
H04995 33 0.0163528 4 0.0571429 3.49438
H04996 33 0.0163528 4 0.0571429 3.49438
H05012 31 0.0153617 4 0.0571429 3.71983
H05036 35 0.0173439 4 0.0571429 3.2947
H05060 9 0.00445986 5 0.0714286 16.0159
H05066 31 0.0153617 4 0.0571429 3.71983
H05067 31 0.0153617 4 0.0571429 3.71983
H05068 31 0.0153617 4 0.0571429 3.71983
H05069 31 0.0153617 4 0.0571429 3.71983
H05071 8 0.00396432 7 0.1 25.225
H05077 27 0.0133796 4 0.0571429 4.2709
H05078 28 0.0138751 4 0.0571429 4.11838
H05113 31 0.0153617 4 0.0571429 3.71983
H05144 9 0.00445986 6 0.0857143 19.2191
H05174 10 0.0049554 8 0.114286 23.0629
H05212 9 0.00445986 5 0.0714286 16.0159
H05276 31 0.0153617 4 0.0571429 3.71983
H05290 31 0.0153617 4 0.0571429 3.71983
H05307 10 0.0049554 7 0.1 20.18
H05320 9 0.00445986 8 0.114286 25.6255
H05321 9 0.00445986 8 0.114286 25.6255
H05332 31 0.0153617 4 0.0571429 3.71983
H05357 11 0.00545094 6 0.0857143 15.7247
H05386 10 0.0049554 7 0.1 20.18
H05390 7 0.00346878 7 0.1 28.8286
H05431 10 0.0049554 6 0.0857143 17.2972
H05457 9 0.00445986 6 0.0857143 19.2191
H05458 9 0.00445986 6 0.0857143 19.2191
H05529 18 0.00891972 4 0.0571429 6.40636
H05540 18 0.00891972 5 0.0714286 8.00794
H05554 30 0.0148662 4 0.0571429 3.84381
H05566 30 0.0148662 4 0.0571429 3.84381
H05612 30 0.0148662 4 0.0571429 3.84381
H05617 31 0.0153617 4 0.0571429 3.71983
H05650 9 0.00445986 6 0.0857143 19.2191
H05651 9 0.00445986 8 0.114286 25.6255
H05658 33 0.0163528 4 0.0571429 3.49438
H05659 33 0.0163528 4 0.0571429 3.49438
H05661 31 0.0153617 4 0.0571429 3.71983
H05662 30 0.0148662 4 0.0571429 3.84381
H05696 7 0.00346878 6 0.0857143 24.7102
H05746 34 0.0168484 4 0.0571429 3.39159
H05747 19 0.00941526 4 0.0571429 6.06918
H05752 28 0.0138751 4 0.0571429 4.11838
H05753 27 0.0133796 4 0.0571429 4.2709
H05754 27 0.0133796 4 0.0571429 4.2709
H05760 7 0.00346878 5 0.0714286 20.5919
H05806 32 0.0158573 4 0.0571429 3.60357
H05818 4 0.00198216 5 0.0714286 36.0357
H05914 8 0.00396432 7 0.1 25.225
H05915 21 0.0104063 6 0.0857143 8.23677
H05917 33 0.0163528 4 0.0571429 3.49438
H05918 33 0.0163528 4 0.0571429 3.49438
H05919 27 0.0133796 4 0.0571429 4.2709
H05920 29 0.0143707 4 0.0571429 3.97635
H05924 8 0.00396432 7 0.1 25.225
H05925 8 0.00396432 7 0.1 25.225
H05926 33 0.0163528 4 0.0571429 3.49438
H05927 33 0.0163528 4 0.0571429 3.49438
H06004 58 0.0287413 5 0.0714286 2.48523
H06022 34 0.0168484 4 0.0571429 3.39159
H06038 27 0.0133796 4 0.0571429 4.2709
H06072 51 0.0252725 5 0.0714286 2.82634
H06073 51 0.0252725 5 0.0714286 2.82634
H06097 31 0.0153617 4 0.0571429 3.71983
H06138 9 0.00445986 4 0.0571429 12.8127
H06139 8 0.00396432 4 0.0571429 14.4143
H06140 8 0.00396432 4 0.0571429 14.4143
H06147 7 0.00346878 6 0.0857143 24.7102
H06189 31 0.0153617 4 0.0571429 3.71983
H06196 33 0.0163528 4 0.0571429 3.49438
H06201 31 0.0153617 4 0.0571429 3.71983
H06228 11 0.00545094 7 0.1 18.3455
H06229 10 0.0049554 4 0.0571429 11.5314
H06230 10 0.0049554 4 0.0571429 11.5314
H06231 12 0.00594648 4 0.0571429 9.60953
H06232 10 0.0049554 4 0.0571429 11.5314
H06234 5 0.0024777 6 0.0857143 34.5943
H06235 7 0.00346878 6 0.0857143 24.7102
H06236 6 0.00297324 7 0.1 33.6333
H06260 31 0.0153617 4 0.0571429 3.71983
H06261 31 0.0153617 4 0.0571429 3.71983
H06264 8 0.00396432 10 0.142857 36.0357
H06265 9 0.00445986 10 0.142857 32.0317
H06273 8 0.00396432 8 0.114286 28.8287
H06299 28 0.0138751 4 0.0571429 4.11838
H06300 28 0.0138751 4 0.0571429 4.11838
H06301 28 0.0138751 4 0.0571429 4.11838
H06356 8 0.00396432 7 0.1 25.225
H06400 12 0.00594648 4 0.0571429 9.60953
H06409 71 0.0351833 5 0.0714286 2.03018
H06410 71 0.0351833 5 0.0714286 2.03018
H06430 30 0.0148662 4 0.0571429 3.84381
H06475 33 0.0163528 4 0.0571429 3.49438
H06491 33 0.0163528 4 0.0571429 3.49438
H06492 33 0.0163528 4 0.0571429 3.49438
H06495 31 0.0153617 4 0.0571429 3.71983
H06505 55 0.0272547 4 0.0571429 2.09663
H06546 7 0.00346878 7 0.1 28.8286
H06547 10 0.0049554 7 0.1 20.18
H06548 10 0.0049554 7 0.1 20.18
H06549 10 0.0049554 7 0.1 20.18
H06550 10 0.0049554 7 0.1 20.18
H06551 8 0.00396432 7 0.1 25.225
H06552 10 0.0049554 7 0.1 20.18
H06553 9 0.00445986 7 0.1 22.4222
H06655 8 0.00396432 8 0.114286 28.8287
H06662 9 0.00445986 8 0.114286 25.6255
H06754 32 0.0158573 4 0.0571429 3.60357
H06765 9 0.00445986 9 0.128571 28.8285
H06766 9 0.00445986 9 0.128571 28.8285
H06783 10 0.0049554 6 0.0857143 17.2972
H06821 6 0.00297324 6 0.0857143 28.8286
H06849 12 0.00594648 11 0.157143 26.4262
H06850 12 0.00594648 11 0.157143 26.4262
H06851 12 0.00594648 10 0.142857 24.0238
H06993 33 0.0163528 4 0.0571429 3.49438
H06994 33 0.0163528 4 0.0571429 3.49438
H06995 33 0.0163528 4 0.0571429 3.49438
H07039 34 0.0168484 7 0.1 5.93528
H07118 32 0.0158573 4 0.0571429 3.60357
H07148 27 0.0133796 4 0.0571429 4.2709
H07163 8 0.00396432 7 0.1 25.225
H07164 7 0.00346878 7 0.1 28.8286
H07189 31 0.0153617 4 0.0571429 3.71983
H07199 10 0.0049554 11 0.157143 31.7115
H07200 10 0.0049554 10 0.142857 28.8286
H07201 10 0.0049554 10 0.142857 28.8286
H07202 10 0.0049554 10 0.142857 28.8286
H07221 31 0.0153617 4 0.0571429 3.71983
H07237 8 0.00396432 7 0.1 25.225
H07238 8 0.00396432 7 0.1 25.225
H07295 35 0.0173439 4 0.0571429 3.2947
H07333 8 0.00396432 6 0.0857143 21.6214
H07355 35 0.0173439 9 0.128571 7.41304
H07364 7 0.00346878 6 0.0857143 24.7102
H07365 10 0.0049554 7 0.1 20.18
H07406 5 0.0024777 4 0.0571429 23.0629
H07409 19 0.00941526 4 0.0571429 6.06918
H07471 2 0.00099108 4 0.0571429 57.6572
H07481 11 0.00545094 7 0.1 18.3455
H07564 11 0.00545094 7 0.1 18.3455
H07565 11 0.00545094 7 0.1 18.3455
H07571 30 0.0148662 4 0.0571429 3.84381
H07572 30 0.0148662 4 0.0571429 3.84381
H07627 13 0.00644202 4 0.0571429 8.87034
H07628 10 0.0049554 5 0.0714286 14.4143
H07629 13 0.00644202 4 0.0571429 8.87034
H07631 13 0.00644202 4 0.0571429 8.87034
H07632 13 0.00644202 4 0.0571429 8.87034
H07691 7 0.00346878 5 0.0714286 20.5919
H07692 7 0.00346878 5 0.0714286 20.5919
H07693 7 0.00346878 5 0.0714286 20.5919
H07722 30 0.0148662 4 0.0571429 3.84381
H07771 101 0.0500496 8 0.114286 2.28345
H07777 10 0.0049554 6 0.0857143 17.2972
H07778 10 0.0049554 6 0.0857143 17.2972
H07835 1 0.00049554 4 0.0571429 115.314
H07836 1 0.00049554 4 0.0571429 115.314
H07837 1 0.00049554 4 0.0571429 115.314
H07883 6 0.00297324 4 0.0571429 19.2191
H07932 41 0.0203171 4 0.0571429 2.81255
H08028 30 0.0148662 4 0.0571429 3.84381
H08121 26 0.012884 6 0.0857143 6.65277
H08163 17 0.00842418 8 0.114286 13.5664
H08164 18 0.00891972 8 0.114286 12.8127
H08183 8 0.00396432 6 0.0857143 21.6214
H08210 33 0.0163528 4 0.0571429 3.49438
H08221 7 0.00346878 4 0.0571429 16.4735
H08240 9 0.00445986 7 0.1 22.4222
H08248 7 0.00346878 6 0.0857143 24.7102
H08251 31 0.0153617 4 0.0571429 3.71983
H08260 15 0.0074331 4 0.0571429 7.68763
H08266 32 0.0158573 4 0.0571429 3.60357
H08280 31 0.0153617 4 0.0571429 3.71983
H08281 31 0.0153617 4 0.0571429 3.71983
H08282 31 0.0153617 4 0.0571429 3.71983
H08304 9 0.00445986 7 0.1 22.4222
H08307 25 0.0123885 4 0.0571429 4.61258
H08308 28 0.0138751 4 0.0571429 4.11838
H08309 28 0.0138751 4 0.0571429 4.11838
H08373 33 0.0163528 4 0.0571429 3.49438
H08374 33 0.0163528 4 0.0571429 3.49438
H08375 33 0.0163528 4 0.0571429 3.49438
H08494 31 0.0153617 4 0.0571429 3.71983
H08511 12 0.00594648 4 0.0571429 9.60953
H08512 12 0.00594648 4 0.0571429 9.60953
H08532 10 0.0049554 9 0.128571 25.9456
H08539 10 0.0049554 6 0.0857143 17.2972
H08561 10 0.0049554 6 0.0857143 17.2972
H08563 10 0.0049554 4 0.0571429 11.5314
H08604 10 0.0049554 5 0.0714286 14.4143
H08605 11 0.00545094 5 0.0714286 13.1039
H08606 8 0.00396432 5 0.0714286 18.0179
H08607 11 0.00545094 5 0.0714286 13.1039
H08669 31 0.0153617 4 0.0571429 3.71983
H08670 29 0.0143707 4 0.0571429 3.97635
H08671 29 0.0143707 4 0.0571429 3.97635
H08695 8 0.00396432 6 0.0857143 21.6214
H08696 8 0.00396432 6 0.0857143 21.6214
H08700 33 0.0163528 4 0.0571429 3.49438
H08701 33 0.0163528 4 0.0571429 3.49438
H08740 30 0.0148662 4 0.0571429 3.84381
H09001 10 0.0049554 5 0.0714286 14.4143
H09002 11 0.00545094 5 0.0714286 13.1039
H09011 9 0.00445986 10 0.142857 32.0317
H09012 10 0.0049554 11 0.157143 31.7115
H09015 14 0.00693756 7 0.1 14.4143
H09016 14 0.00693756 8 0.114286 16.4735
H09041 27 0.0133796 4 0.0571429 4.2709
H09053 45 0.0222993 4 0.0571429 2.56254
H09061 5 0.0024777 4 0.0571429 23.0629
H09062 7 0.00346878 4 0.0571429 16.4735
H09064 1 0.00049554 4 0.0571429 115.314
H09065 1 0.00049554 4 0.0571429 115.314
H09094 8 0.00396432 5 0.0714286 18.0179
H09177 7 0.00346878 7 0.1 28.8286
H09181 26 0.012884 5 0.0714286 5.54398
H09216 31 0.0153617 4 0.0571429 3.71983
H09236 13 0.00644202 10 0.142857 22.1758
H09237 13 0.00644202 10 0.142857 22.1758
H09238 14 0.00693756 10 0.142857 20.5918
H09241 31 0.0153617 4 0.0571429 3.71983
H09242 31 0.0153617 4 0.0571429 3.71983
H09282 12 0.00594648 6 0.0857143 14.4143
H09327 11 0.00545094 10 0.142857 26.2078
H09328 10 0.0049554 10 0.142857 28.8286
H09367 9 0.00445986 6 0.0857143 19.2191
H09375 10 0.0049554 8 0.114286 23.0629
H09387 10 0.0049554 6 0.0857143 17.2972
H09413 22 0.0109019 7 0.1 9.17271
H09414 23 0.0113974 7 0.1 8.77393
H09624 92 0.0455897 7 0.1 2.19348
H09699 27 0.0133796 4 0.0571429 4.2709
H09718 13 0.00644202 6 0.0857143 13.3055
H09721 9 0.00445986 9 0.128571 28.8285
H09722 9 0.00445986 9 0.128571 28.8285
H09723 9 0.00445986 9 0.128571 28.8285
H09951 3 0.00148662 4 0.0571429 38.4381
H09952 3 0.00148662 4 0.0571429 38.4381
H09953 3 0.00148662 4 0.0571429 38.4381
H09954 3 0.00148662 4 0.0571429 38.4381
H09960 19 0.00941526 7 0.1 10.6211
H09968 5 0.0024777 4 0.0571429 23.0629
H09988 9 0.00445986 6 0.0857143 19.2191
H09994 29 0.0143707 4 0.0571429 3.97635
H10018 22 0.0109019 8 0.114286 10.4831
H10081 11 0.00545094 9 0.128571 23.5869
H10082 11 0.00545094 9 0.128571 23.5869
H10083 11 0.00545094 9 0.128571 23.5869
H10084 11 0.00545094 9 0.128571 23.5869
H10089 11 0.00545094 6 0.0857143 15.7247
H10109 31 0.0153617 4 0.0571429 3.71983
H10174 24 0.011893 5 0.0714286 6.00594
H10247 30 0.0148662 4 0.0571429 3.84381
H10248 30 0.0148662 4 0.0571429 3.84381
H10295 29 0.0143707 4 0.0571429 3.97635
H10319 7 0.00346878 6 0.0857143 24.7102
H10320 6 0.00297324 6 0.0857143 28.8286
H10378 33 0.0163528 4 0.0571429 3.49438
H10388 13 0.00644202 9 0.128571 19.9582
H10389 17 0.00842418 10 0.142857 16.958
H10390 15 0.0074331 10 0.142857 19.219
H10391 15 0.0074331 10 0.142857 19.219
H10392 7 0.00346878 7 0.1 28.8286
H10418 6 0.00297324 4 0.0571429 19.2191
H10419 6 0.00297324 4 0.0571429 19.2191
H10420 2 0.00099108 4 0.0571429 57.6572
H10483 7 0.00346878 8 0.114286 32.947
H10495 6 0.00297324 6 0.0857143 28.8286
H10497 6 0.00297324 6 0.0857143 28.8286
H10500 33 0.0163528 7 0.1 6.11516
H10511 8 0.00396432 7 0.1 25.225
H10512 20 0.0099108 4 0.0571429 5.76572
H10575 46 0.0227948 4 0.0571429 2.50684
H10637 7 0.00346878 4 0.0571429 16.4735
H10642 31 0.0153617 4 0.0571429 3.71983
H10643 31 0.0153617 4 0.0571429 3.71983
H10664 7 0.00346878 7 0.1 28.8286
H10728 31 0.0153617 4 0.0571429 3.71983
H10799 34 0.0168484 4 0.0571429 3.39159
H10846 7 0.00346878 7 0.1 28.8286
H10847 6 0.00297324 7 0.1 33.6333
H10868 8 0.00396432 7 0.1 25.225
H10869 8 0.00396432 7 0.1 25.225
H10913 30 0.0148662 4 0.0571429 3.84381
H10914 30 0.0148662 4 0.0571429 3.84381
H10915 30 0.0148662 4 0.0571429 3.84381
H10916 30 0.0148662 4 0.0571429 3.84381
H10917 30 0.0148662 4 0.0571429 3.84381
H10918 30 0.0148662 4 0.0571429 3.84381
H10949 41 0.0203171 4 0.0571429 2.81255
H10950 41 0.0203171 4 0.0571429 2.81255
H10951 41 0.0203171 4 0.0571429 2.81255
H10952 41 0.0203171 4 0.0571429 2.81255
H10953 41 0.0203171 4 0.0571429 2.81255
H10954 41 0.0203171 4 0.0571429 2.81255
H10955 41 0.0203171 4 0.0571429 2.81255
H10969 34 0.0168484 4 0.0571429 3.39159
H11002 31 0.0153617 4 0.0571429 3.71983
H11003 31 0.0153617 4 0.0571429 3.71983
H11034 13 0.00644202 6 0.0857143 13.3055
H11035 10 0.0049554 4 0.0571429 11.5314
H11036 33 0.0163528 4 0.0571429 3.49438
H11037 33 0.0163528 4 0.0571429 3.49438
H11038 33 0.0163528 4 0.0571429 3.49438
H11103 7 0.00346878 7 0.1 28.8286
H11104 7 0.00346878 6 0.0857143 24.7102
H11105 7 0.00346878 6 0.0857143 24.7102
H11154 21 0.0104063 5 0.0714286 6.86398
H11161 11 0.00545094 4 0.0571429 10.4831
H11193 5 0.0024777 4 0.0571429 23.0629
H11210 31 0.0153617 4 0.0571429 3.71983
H11223 30 0.0148662 4 0.0571429 3.84381
H11231 16 0.00792864 4 0.0571429 7.20715
H11232 17 0.00842418 4 0.0571429 6.7832
H11236 30 0.0148662 4 0.0571429 3.84381
H11237 9 0.00445986 7 0.1 22.4222
H11238 8 0.00396432 8 0.114286 28.8287
H11252 11 0.00545094 6 0.0857143 15.7247
H11256 28 0.0138751 4 0.0571429 4.11838
H11257 27 0.0133796 4 0.0571429 4.2709
H11258 27 0.0133796 4 0.0571429 4.2709
H11275 11 0.00545094 6 0.0857143 15.7247
H11276 11 0.00545094 6 0.0857143 15.7247
H11277 12 0.00594648 7 0.1 16.8167
H11279 11 0.00545094 6 0.0857143 15.7247
H11280 13 0.00644202 7 0.1 15.5231
H11281 11 0.00545094 6 0.0857143 15.7247
H11282 12 0.00594648 7 0.1 16.8167
H11284 56 0.0277502 4 0.0571429 2.05919
H11285 43 0.0213082 4 0.0571429 2.68173
H11346 11 0.00545094 10 0.142857 26.2078
H11347 42 0.0208127 8 0.114286 5.49117
H11348 42 0.0208127 8 0.114286 5.49117
H11349 41 0.0203171 8 0.114286 5.62511
H11354 28 0.0138751 4 0.0571429 4.11838
H11366 10 0.0049554 6 0.0857143 17.2972
H11379 7 0.00346878 4 0.0571429 16.4735
H11430 2 0.00099108 4 0.0571429 57.6572
H11431 2 0.00099108 4 0.0571429 57.6572
H11458 8 0.00396432 8 0.114286 28.8287
H11525 48 0.0237859 4 0.0571429 2.40239
H11530 31 0.0153617 4 0.0571429 3.71983
H11531 32 0.0158573 4 0.0571429 3.60357
H11590 9 0.00445986 6 0.0857143 19.2191
H11591 46 0.0227948 4 0.0571429 2.50684
H11611 5 0.0024777 8 0.114286 46.1258
H11612 5 0.0024777 8 0.114286 46.1258
H11672 10 0.0049554 10 0.142857 28.8286
H11740 59 0.0292369 5 0.0714286 2.4431
H11741 35 0.0173439 4 0.0571429 3.2947
H11742 39 0.0193261 4 0.0571429 2.95677
H11787 8 0.00396432 7 0.1 25.225
H11813 31 0.0153617 4 0.0571429 3.71983
H11814 31 0.0153617 4 0.0571429 3.71983
H11815 32 0.0158573 4 0.0571429 3.60357
H11816 32 0.0158573 4 0.0571429 3.60357
H11873 8 0.00396432 5 0.0714286 18.0179
H11874 8 0.00396432 5 0.0714286 18.0179
H11942 38 0.0188305 4 0.0571429 3.03459
H11948 11 0.00545094 10 0.142857 26.2078
H11949 11 0.00545094 10 0.142857 26.2078
H12000 33 0.0163528 4 0.0571429 3.49438
H12146 10 0.0049554 5 0.0714286 14.4143
H12147 10 0.0049554 5 0.0714286 14.4143
H12148 11 0.00545094 5 0.0714286 13.1039
H12158 30 0.0148662 4 0.0571429 3.84381
H12164 11 0.00545094 9 0.128571 23.5869
H12170 8 0.00396432 7 0.1 25.225
H12172 51 0.0252725 4 0.0571429 2.26107
H12185 10 0.0049554 7 0.1 20.18
H12207 9 0.00445986 8 0.114286 25.6255
H12220 60 0.0297324 6 0.0857143 2.88286
H12266 27 0.0133796 4 0.0571429 4.2709
H12292 5 0.0024777 8 0.114286 46.1258
H12293 5 0.0024777 8 0.114286 46.1258
H12299 33 0.0163528 4 0.0571429 3.49438
H12300 33 0.0163528 4 0.0571429 3.49438
H12314 31 0.0153617 4 0.0571429 3.71983
H12426 8 0.00396432 6 0.0857143 21.6214
H12428 31 0.0153617 4 0.0571429 3.71983
H12430 28 0.0138751 4 0.0571429 4.11838
H12448 14 0.00693756 5 0.0714286 10.2959
H12581 31 0.0153617 4 0.0571429 3.71983
H12582 31 0.0153617 4 0.0571429 3.71983
H12583 31 0.0153617 4 0.0571429 3.71983
H12627 10 0.0049554 10 0.142857 28.8286
H12628 10 0.0049554 10 0.142857 28.8286
H12629 10 0.0049554 10 0.142857 28.8286
H12630 10 0.0049554 10 0.142857 28.8286
H12640 14 0.00693756 8 0.114286 16.4735
H12707 14 0.00693756 4 0.0571429 8.23674
H12726 11 0.00545094 11 0.157143 28.8286
H12727 11 0.00545094 11 0.157143 28.8286
H12728 12 0.00594648 10 0.142857 24.0238
H12729 14 0.00693756 11 0.157143 22.651
H12730 12 0.00594648 10 0.142857 24.0238
H12731 11 0.00545094 11 0.157143 28.8286
H12732 11 0.00545094 11 0.157143 28.8286
H12733 14 0.00693756 11 0.157143 22.651
H12734 11 0.00545094 11 0.157143 28.8286
H12781 19 0.00941526 4 0.0571429 6.06918
H12800 11 0.00545094 8 0.114286 20.9663
H12818 28 0.0138751 4 0.0571429 4.11838
H12844 11 0.00545094 6 0.0857143 15.7247
H12845 11 0.00545094 6 0.0857143 15.7247
H12848 10 0.0049554 8 0.114286 23.0629
H12875 31 0.0153617 4 0.0571429 3.71983
H12916 7 0.00346878 4 0.0571429 16.4735
H12921 31 0.0153617 4 0.0571429 3.71983
H13031 51 0.0252725 5 0.0714286 2.82634
H13032 65 0.0322101 5 0.0714286 2.21758
H13033 65 0.0322101 5 0.0714286 2.21758
H13034 65 0.0322101 5 0.0714286 2.21758
H13035 9 0.00445986 6 0.0857143 19.2191
H13043 3 0.00148662 4 0.0571429 38.4381
H13046 12 0.00594648 10 0.142857 24.0238
H13083 33 0.0163528 4 0.0571429 3.49438
H13084 33 0.0163528 4 0.0571429 3.49438
H13123 8 0.00396432 7 0.1 25.225
H13279 6 0.00297324 6 0.0857143 28.8286
H13315 69 0.0341923 5 0.0714286 2.08903
H13322 10 0.0049554 10 0.142857 28.8286
H13323 10 0.0049554 10 0.142857 28.8286
H13373 13 0.00644202 4 0.0571429 8.87034
H13374 13 0.00644202 4 0.0571429 8.87034
H13376 13 0.00644202 4 0.0571429 8.87034
H13394 6 0.00297324 8 0.114286 38.4382
H13502 9 0.00445986 8 0.114286 25.6255
H13561 31 0.0153617 4 0.0571429 3.71983
H13595 21 0.0104063 4 0.0571429 5.49118
H13601 28 0.0138751 4 0.0571429 4.11838
H13610 8 0.00396432 11 0.157143 39.6393
H13678 29 0.0143707 4 0.0571429 3.97635
H13704 10 0.0049554 8 0.114286 23.0629
H13717 11 0.00545094 7 0.1 18.3455
H13748 7 0.00346878 6 0.0857143 24.7102
H13816 8 0.00396432 6 0.0857143 21.6214
H13817 6 0.00297324 4 0.0571429 19.2191
H13860 40 0.0198216 4 0.0571429 2.88286
H13864 35 0.0173439 4 0.0571429 3.2947
H13865 24 0.011893 4 0.0571429 4.80475
H13881 32 0.0158573 4 0.0571429 3.60357
H13882 32 0.0158573 4 0.0571429 3.60357
H13888 2 0.00099108 4 0.0571429 57.6572
H13892 31 0.0153617 4 0.0571429 3.71983
H13895 46 0.0227948 4 0.0571429 2.50684
H13907 10 0.0049554 10 0.142857 28.8286
H13908 10 0.0049554 10 0.142857 28.8286
H13909 53 0.0262636 9 0.128571 4.89541
H13910 58 0.0287413 9 0.128571 4.47339
H13911 53 0.0262636 9 0.128571 4.89541
H13923 11 0.00545094 6 0.0857143 15.7247
H13928 8 0.00396432 8 0.114286 28.8287
H13929 8 0.00396432 8 0.114286 28.8287
H13930 8 0.00396432 6 0.0857143 21.6214
H13931 6 0.00297324 7 0.1 33.6333
H13932 9 0.00445986 7 0.1 22.4222
H13947 31 0.0153617 4 0.0571429 3.71983
H13948 8 0.00396432 7 0.1 25.225
H13949 8 0.00396432 7 0.1 25.225
H13950 8 0.00396432 7 0.1 25.225
H13951 8 0.00396432 7 0.1 25.225
H13955 10 0.0049554 10 0.142857 28.8286
H14045 10 0.0049554 8 0.114286 23.0629
H14046 10 0.0049554 8 0.114286 23.0629
H14072 34 0.0168484 9 0.128571 7.63105
H14079 69 0.0341923 6 0.0857143 2.50683
H14124 10 0.0049554 10 0.142857 28.8286
H14125 10 0.0049554 10 0.142857 28.8286
H14126 10 0.0049554 10 0.142857 28.8286
H14155 8 0.00396432 5 0.0714286 18.0179
H14165 46 0.0227948 4 0.0571429 2.50684
H14202 9 0.00445986 6 0.0857143 19.2191
H14216 31 0.0153617 4 0.0571429 3.71983
H14218 14 0.00693756 4 0.0571429 8.23674
H14219 14 0.00693756 4 0.0571429 8.23674
H14220 14 0.00693756 4 0.0571429 8.23674
H14221 18 0.00891972 4 0.0571429 6.40636
H14222 18 0.00891972 4 0.0571429 6.40636
H14223 18 0.00891972 4 0.0571429 6.40636
H14224 18 0.00891972 4 0.0571429 6.40636
H14225 18 0.00891972 4 0.0571429 6.40636
H14269 8 0.00396432 6 0.0857143 21.6214
H14270 8 0.00396432 6 0.0857143 21.6214
H14271 8 0.00396432 6 0.0857143 21.6214
H14272 8 0.00396432 6 0.0857143 21.6214
H14273 8 0.00396432 6 0.0857143 21.6214
H14274 8 0.00396432 6 0.0857143 21.6214
H14275 8 0.00396432 6 0.0857143 21.6214
H14282 35 0.0173439 4 0.0571429 3.2947
H14343 9 0.00445986 8 0.114286 25.6255
H14349 30 0.0148662 4 0.0571429 3.84381
H14351 23 0.0113974 4 0.0571429 5.01368
H14353 7 0.00346878 6 0.0857143 24.7102
H14444 13 0.00644202 8 0.114286 17.7407
H14445 8 0.00396432 8 0.114286 28.8287
H14462 35 0.0173439 4 0.0571429 3.2947
H14463 22 0.0109019 4 0.0571429 5.24155
H14475 27 0.0133796 4 0.0571429 4.2709
H14498 35 0.0173439 4 0.0571429 3.2947
H14572 31 0.0153617 4 0.0571429 3.71983
H14573 32 0.0158573 4 0.0571429 3.60357
H14574 31 0.0153617 4 0.0571429 3.71983
H14678 21 0.0104063 8 0.114286 10.9824
H14679 9 0.00445986 7 0.1 22.4222
H14695 3 0.00148662 4 0.0571429 38.4381
H14728 9 0.00445986 6 0.0857143 19.2191
H14729 7 0.00346878 6 0.0857143 24.7102
H14777 24 0.011893 4 0.0571429 4.80475
H14798 33 0.0163528 4 0.0571429 3.49438
H14816 6 0.00297324 6 0.0857143 28.8286
H14831 12 0.00594648 7 0.1 16.8167
H14852 8 0.00396432 5 0.0714286 18.0179
H14853 7 0.00346878 5 0.0714286 20.5919
H14860 31 0.0153617 4 0.0571429 3.71983
H14872 10 0.0049554 6 0.0857143 17.2972
H14956 29 0.0143707 4 0.0571429 3.97635
H14957 11 0.00545094 10 0.142857 26.2078
H14958 10 0.0049554 10 0.142857 28.8286
H15034 9 0.00445986 6 0.0857143 19.2191
H15123 4 0.00198216 8 0.114286 57.6573
H15124 5 0.0024777 8 0.114286 46.1258
H15127 31 0.0153617 4 0.0571429 3.71983
H15199 31 0.0153617 4 0.0571429 3.71983
H15200 31 0.0153617 4 0.0571429 3.71983
H15217 25 0.0123885 5 0.0714286 5.76572
H15261 93 0.0460852 7 0.1 2.16989
H15262 93 0.0460852 7 0.1 2.16989
H15263 92 0.0455897 7 0.1 2.19348
H15275 11 0.00545094 7 0.1 18.3455
H15276 11 0.00545094 6 0.0857143 15.7247
H15277 11 0.00545094 7 0.1 18.3455
H15278 14 0.00693756 8 0.114286 16.4735
H15279 11 0.00545094 7 0.1 18.3455
H15353 3 0.00148662 4 0.0571429 38.4381
H15354 13 0.00644202 7 0.1 15.5231
H15363 10 0.0049554 7 0.1 20.18
H15550 25 0.0123885 5 0.0714286 5.76572
H15630 33 0.0163528 4 0.0571429 3.49438
H15639 29 0.0143707 4 0.0571429 3.97635
H15641 23 0.0113974 4 0.0571429 5.01368
H15642 23 0.0113974 4 0.0571429 5.01368
H15655 24 0.011893 5 0.0714286 6.00594
H15657 7 0.00346878 7 0.1 28.8286
H15776 12 0.00594648 11 0.157143 26.4262
H15777 13 0.00644202 11 0.157143 24.3934
H15778 14 0.00693756 11 0.157143 22.651
H15779 12 0.00594648 11 0.157143 26.4262
H15780 12 0.00594648 11 0.157143 26.4262
H15781 14 0.00693756 11 0.157143 22.651
H15782 12 0.00594648 11 0.157143 26.4262
H15783 15 0.0074331 11 0.157143 21.141
H15784 15 0.0074331 11 0.157143 21.141
H15877 21 0.0104063 7 0.1 9.60956
H15933 27 0.0133796 4 0.0571429 4.2709
H15934 27 0.0133796 4 0.0571429 4.2709
H15935 27 0.0133796 4 0.0571429 4.2709
H15987 7 0.00346878 6 0.0857143 24.7102
H16062 31 0.0153617 4 0.0571429 3.71983
H16065 29 0.0143707 4 0.0571429 3.97635
H16078 71 0.0351833 5 0.0714286 2.03018
H16159 12 0.00594648 10 0.142857 24.0238
H16160 12 0.00594648 10 0.142857 24.0238
H16161 12 0.00594648 10 0.142857 24.0238
H16168 60 0.0297324 5 0.0714286 2.40238
H16195 10 0.0049554 6 0.0857143 17.2972
H16214 6 0.00297324 7 0.1 33.6333
H16215 6 0.00297324 7 0.1 33.6333
H16223 30 0.0148662 4 0.0571429 3.84381
H16255 29 0.0143707 4 0.0571429 3.97635
H16256 31 0.0153617 4 0.0571429 3.71983
H16257 31 0.0153617 4 0.0571429 3.71983
H16392 4 0.00198216 4 0.0571429 28.8286
H16425 10 0.0049554 5 0.0714286 14.4143
H16426 10 0.0049554 5 0.0714286 14.4143
H16557 8 0.00396432 4 0.0571429 14.4143
H16587 89 0.0441031 7 0.1 2.26741
H16588 87 0.043112 7 0.1 2.31954
H16631 64 0.0317146 6 0.0857143 2.70268
H16735 100 0.049554 7 0.1 2.018
H16740 55 0.0272547 4 0.0571429 2.09663
H16836 29 0.0143707 4 0.0571429 3.97635
H16857 39 0.0193261 4 0.0571429 2.95677
H16902 7 0.00346878 6 0.0857143 24.7102
H16903 7 0.00346878 6 0.0857143 24.7102
H16904 7 0.00346878 6 0.0857143 24.7102
H16905 7 0.00346878 6 0.0857143 24.7102
H16906 7 0.00346878 6 0.0857143 24.7102
H16927 4 0.00198216 4 0.0571429 28.8286
H16928 4 0.00198216 4 0.0571429 28.8286
H16929 4 0.00198216 4 0.0571429 28.8286
H16948 11 0.00545094 7 0.1 18.3455
H16949 10 0.0049554 7 0.1 20.18
H16956 19 0.00941526 4 0.0571429 6.06918
H16957 19 0.00941526 4 0.0571429 6.06918
H16958 19 0.00941526 4 0.0571429 6.06918
H16967 8 0.00396432 7 0.1 25.225
H16982 33 0.0163528 4 0.0571429 3.49438
H17007 7 0.00346878 7 0.1 28.8286
H17008 6 0.00297324 6 0.0857143 28.8286
H17021 9 0.00445986 9 0.128571 28.8285
H17044 43 0.0213082 4 0.0571429 2.68173
H17059 30 0.0148662 4 0.0571429 3.84381
H17063 49 0.0242815 5 0.0714286 2.94169
H17098 31 0.0153617 4 0.0571429 3.71983
H17108 34 0.0168484 4 0.0571429 3.39159
H17114 11 0.00545094 6 0.0857143 15.7247
H17156 32 0.0158573 7 0.1 6.30624
H17252 31 0.0153617 4 0.0571429 3.71983
H17253 31 0.0153617 4 0.0571429 3.71983
H17307 8 0.00396432 6 0.0857143 21.6214
H17308 8 0.00396432 6 0.0857143 21.6214
H17329 30 0.0148662 4 0.0571429 3.84381
H17368 31 0.0153617 4 0.0571429 3.71983
H17479 1 0.00049554 4 0.0571429 115.314
H17480 1 0.00049554 4 0.0571429 115.314
H17481 41 0.0203171 7 0.1 4.92196
H17482 41 0.0203171 7 0.1 4.92196
H17494 31 0.0153617 4 0.0571429 3.71983
H17517 6 0.00297324 6 0.0857143 28.8286
H17553 9 0.00445986 7 0.1 22.4222
H17569 44 0.0218038 4 0.0571429 2.62078
H17584 8 0.00396432 6 0.0857143 21.6214
H17649 128 0.0634291 9 0.128571 2.027
H17656 22 0.0109019 5 0.0714286 6.55194
H17658 23 0.0113974 5 0.0714286 6.2671
H17659 23 0.0113974 5 0.0714286 6.2671
H17694 2 0.00099108 4 0.0571429 57.6572
H17714 75 0.0371655 7 0.1 2.69067
H17734 80 0.0396432 6 0.0857143 2.16214
H17909 3 0.00148662 4 0.0571429 38.4381
H17923 31 0.0153617 4 0.0571429 3.71983
H17934 10 0.0049554 6 0.0857143 17.2972
H17938 10 0.0049554 4 0.0571429 11.5314
H17939 8 0.00396432 4 0.0571429 14.4143
H17940 7 0.00346878 4 0.0571429 16.4735
H18028 41 0.0203171 5 0.0714286 3.51569
H18112 9 0.00445986 9 0.128571 28.8285
H18168 11 0.00545094 8 0.114286 20.9663
H18180 31 0.0153617 4 0.0571429 3.71983
H18181 31 0.0153617 4 0.0571429 3.71983
H18200 33 0.0163528 4 0.0571429 3.49438
H18234 23 0.0113974 4 0.0571429 5.01368
H18253 27 0.0133796 4 0.0571429 4.2709
H18254 27 0.0133796 4 0.0571429 4.2709
H18364 13 0.00644202 9 0.128571 19.9582
H18365 13 0.00644202 9 0.128571 19.9582
H18366 13 0.00644202 8 0.114286 17.7407
H18367 13 0.00644202 8 0.114286 17.7407
H18368 13 0.00644202 8 0.114286 17.7407
H18387 53 0.0262636 4 0.0571429 2.17575
H18388 53 0.0262636 4 0.0571429 2.17575
H18436 31 0.0153617 4 0.0571429 3.71983
H18438 5 0.0024777 4 0.0571429 23.0629
H18439 2 0.00099108 4 0.0571429 57.6572
H18440 5 0.0024777 4 0.0571429 23.0629
H18441 33 0.0163528 4 0.0571429 3.49438
H18448 31 0.0153617 4 0.0571429 3.71983
H18451 20 0.0099108 4 0.0571429 5.76572
H18452 20 0.0099108 8 0.114286 11.5315
H18453 19 0.00941526 4 0.0571429 6.06918
H18534 8 0.00396432 7 0.1 25.225
H18535 8 0.00396432 7 0.1 25.225
H18536 9 0.00445986 7 0.1 22.4222
H18537 8 0.00396432 6 0.0857143 21.6214
H18538 9 0.00445986 7 0.1 22.4222
H18600 9 0.00445986 8 0.114286 25.6255
H18601 9 0.00445986 8 0.114286 25.6255
H18602 9 0.00445986 7 0.1 22.4222
H18612 9 0.00445986 9 0.128571 28.8285
H18613 9 0.00445986 9 0.128571 28.8285
H18668 67 0.0332012 5 0.0714286 2.15139
H18696 5 0.0024777 8 0.114286 46.1258
H18697 4 0.00198216 8 0.114286 57.6573
H18698 31 0.0153617 4 0.0571429 3.71983
H18704 12 0.00594648 10 0.142857 24.0238
H18712 17 0.00842418 4 0.0571429 6.7832
H18713 22 0.0109019 4 0.0571429 5.24155
H18714 22 0.0109019 4 0.0571429 5.24155
H18730 35 0.0173439 5 0.0714286 4.11837
H18731 35 0.0173439 5 0.0714286 4.11837
H18732 25 0.0123885 5 0.0714286 5.76572
H18794 5 0.0024777 6 0.0857143 34.5943
H18795 5 0.0024777 6 0.0857143 34.5943
H18796 7 0.00346878 6 0.0857143 24.7102
H18807 31 0.0153617 4 0.0571429 3.71983
H18808 31 0.0153617 4 0.0571429 3.71983
H18810 5 0.0024777 8 0.114286 46.1258
H18861 10 0.0049554 10 0.142857 28.8286
H18862 10 0.0049554 10 0.142857 28.8286
H18867 9 0.00445986 5 0.0714286 16.0159
H18868 9 0.00445986 5 0.0714286 16.0159
H18874 29 0.0143707 4 0.0571429 3.97635
H18875 29 0.0143707 4 0.0571429 3.97635
H18908 31 0.0153617 4 0.0571429 3.71983
H19024 8 0.00396432 8 0.114286 28.8287
H19025 9 0.00445986 8 0.114286 25.6255
H19055 9 0.00445986 6 0.0857143 19.2191
H19063 34 0.0168484 4 0.0571429 3.39159
H19088 21 0.0104063 4 0.0571429 5.49118
H19104 36 0.0178394 4 0.0571429 3.20319
H19109 7 0.00346878 8 0.114286 32.947
H19139 9 0.00445986 4 0.0571429 12.8127
H19186 31 0.0153617 4 0.0571429 3.71983
H19201 35 0.0173439 4 0.0571429 3.2947
H19234 29 0.0143707 4 0.0571429 3.97635
H19235 29 0.0143707 4 0.0571429 3.97635
H19277 10 0.0049554 7 0.1 20.18
H19285 6 0.00297324 6 0.0857143 28.8286
H19294 30 0.0148662 4 0.0571429 3.84381
H19295 28 0.0138751 4 0.0571429 4.11838
H19334 10 0.0049554 4 0.0571429 11.5314
H19345 31 0.0153617 4 0.0571429 3.71983
H19426 31 0.0153617 4 0.0571429 3.71983
H19431 7 0.00346878 5 0.0714286 20.5919
H19545 6 0.00297324 8 0.114286 38.4382
H19550 31 0.0153617 4 0.0571429 3.71983
H19564 10 0.0049554 10 0.142857 28.8286
H19565 12 0.00594648 7 0.1 16.8167
H19566 10 0.0049554 10 0.142857 28.8286
H19567 27 0.0133796 8 0.114286 8.54181
H19569 42 0.0208127 8 0.114286 5.49117
H19594 33 0.0163528 4 0.0571429 3.49438
H19604 10 0.0049554 6 0.0857143 17.2972
H19630 10 0.0049554 5 0.0714286 14.4143
H19729 31 0.0153617 4 0.0571429 3.71983
H19758 5 0.0024777 5 0.0714286 28.8286
H19759 7 0.00346878 6 0.0857143 24.7102
H19853 30 0.0148662 4 0.0571429 3.84381
H19858 8 0.00396432 7 0.1 25.225
H19859 8 0.00396432 7 0.1 25.225
H19911 31 0.0153617 4 0.0571429 3.71983
H19971 77 0.0381566 7 0.1 2.62078
H20016 28 0.0138751 4 0.0571429 4.11838
H20025 20 0.0099108 4 0.0571429 5.76572
H20054 31 0.0153617 4 0.0571429 3.71983
H20055 40 0.0198216 4 0.0571429 2.88286
H20059 94 0.0465808 7 0.1 2.14681
H20076 33 0.0163528 4 0.0571429 3.49438
H20112 9 0.00445986 5 0.0714286 16.0159
H20155 7 0.00346878 6 0.0857143 24.7102
H20156 7 0.00346878 6 0.0857143 24.7102
H20178 8 0.00396432 9 0.128571 32.432
H20208 31 0.0153617 4 0.0571429 3.71983
H20209 31 0.0153617 4 0.0571429 3.71983
H20270 5 0.0024777 4 0.0571429 23.0629
H20284 28 0.0138751 4 0.0571429 4.11838
H20288 31 0.0153617 4 0.0571429 3.71983
H20299 8 0.00396432 7 0.1 25.225
H20300 8 0.00396432 7 0.1 25.225
H20301 8 0.00396432 7 0.1 25.225
H20413 57 0.0282458 4 0.0571429 2.02306
H20424 31 0.0153617 4 0.0571429 3.71983
H20427 7 0.00346878 4 0.0571429 16.4735
H20428 7 0.00346878 4 0.0571429 16.4735
H20450 29 0.0143707 4 0.0571429 3.97635
H20516 7 0.00346878 7 0.1 28.8286
H20578 6 0.00297324 6 0.0857143 28.8286
H20625 9 0.00445986 4 0.0571429 12.8127
H20675 8 0.00396432 5 0.0714286 18.0179
H20676 9 0.00445986 5 0.0714286 16.0159
H20772 106 0.0525273 8 0.114286 2.17574
H20775 27 0.0133796 4 0.0571429 4.2709
H20777 12 0.00594648 5 0.0714286 12.0119
H20840 7 0.00346878 6 0.0857143 24.7102
H20841 7 0.00346878 6 0.0857143 24.7102
H20842 7 0.00346878 6 0.0857143 24.7102
H20843 7 0.00346878 6 0.0857143 24.7102
H20844 5 0.0024777 6 0.0857143 34.5943
H20909 52 0.0257681 4 0.0571429 2.21758
H20971 10 0.0049554 6 0.0857143 17.2972
H20976 4 0.00198216 6 0.0857143 43.2429
H21074 8 0.00396432 7 0.1 25.225
H21080 9 0.00445986 5 0.0714286 16.0159
H21082 11 0.00545094 6 0.0857143 15.7247
H21083 11 0.00545094 6 0.0857143 15.7247
H21084 11 0.00545094 6 0.0857143 15.7247
H21117 31 0.0153617 4 0.0571429 3.71983
H21132 10 0.0049554 10 0.142857 28.8286
H21133 10 0.0049554 10 0.142857 28.8286
H21134 11 0.00545094 10 0.142857 26.2078
H21136 9 0.00445986 10 0.142857 32.0317
H21166 33 0.0163528 4 0.0571429 3.49438
H21169 8 0.00396432 5 0.0714286 18.0179
H21244 28 0.0138751 4 0.0571429 4.11838
H21245 28 0.0138751 4 0.0571429 4.11838
H21246 28 0.0138751 4 0.0571429 4.11838
H21263 14 0.00693756 4 0.0571429 8.23674
H21306 44 0.0218038 5 0.0714286 3.27597
H21307 44 0.0218038 5 0.0714286 3.27597
H21308 44 0.0218038 5 0.0714286 3.27597
H21309 44 0.0218038 5 0.0714286 3.27597
H21386 30 0.0148662 4 0.0571429 3.84381
H21394 12 0.00594648 6 0.0857143 14.4143
H21402 12 0.00594648 6 0.0857143 14.4143
H21418 32 0.0158573 4 0.0571429 3.60357
H21423 48 0.0237859 4 0.0571429 2.40239
H21437 33 0.0163528 4 0.0571429 3.49438
H21442 10 0.0049554 7 0.1 20.18
H21453 39 0.0193261 5 0.0714286 3.69597
H21457 10 0.0049554 7 0.1 20.18
H21458 9 0.00445986 7 0.1 22.4222
H21481 32 0.0158573 4 0.0571429 3.60357
H21482 2 0.00099108 4 0.0571429 57.6572
H21483 2 0.00099108 4 0.0571429 57.6572
H21563 10 0.0049554 5 0.0714286 14.4143
H21564 10 0.0049554 5 0.0714286 14.4143
H21570 10 0.0049554 4 0.0571429 11.5314
H21571 10 0.0049554 4 0.0571429 11.5314
H21574 8 0.00396432 6 0.0857143 21.6214
H21713 31 0.0153617 4 0.0571429 3.71983
H21725 70 0.0346878 5 0.0714286 2.05919
H21737 10 0.0049554 10 0.142857 28.8286
H21738 10 0.0049554 10 0.142857 28.8286
H21740 41 0.0203171 4 0.0571429 2.81255
H21745 40 0.0198216 4 0.0571429 2.88286
H21746 32 0.0158573 4 0.0571429 3.60357
H21770 33 0.0163528 4 0.0571429 3.49438
H21777 29 0.0143707 4 0.0571429 3.97635
H21787 10 0.0049554 10 0.142857 28.8286
H21788 10 0.0049554 10 0.142857 28.8286
H21789 10 0.0049554 10 0.142857 28.8286
H21790 10 0.0049554 10 0.142857 28.8286
H21792 34 0.0168484 4 0.0571429 3.39159
H21833 11 0.00545094 9 0.128571 23.5869
H21859 11 0.00545094 8 0.114286 20.9663
H21907 31 0.0153617 4 0.0571429 3.71983
H21916 32 0.0158573 4 0.0571429 3.60357
H21917 32 0.0158573 4 0.0571429 3.60357
H21918 32 0.0158573 4 0.0571429 3.60357
H21919 32 0.0158573 4 0.0571429 3.60357
H21920 31 0.0153617 4 0.0571429 3.71983
H21929 33 0.0163528 4 0.0571429 3.49438
H21983 30 0.0148662 4 0.0571429 3.84381
H22020 31 0.0153617 4 0.0571429 3.71983
H22041 7 0.00346878 5 0.0714286 20.5919
H22042 5 0.0024777 5 0.0714286 28.8286
H22063 10 0.0049554 6 0.0857143 17.2972
H22064 11 0.00545094 6 0.0857143 15.7247
H22145 29 0.0143707 4 0.0571429 3.97635
H22146 30 0.0148662 4 0.0571429 3.84381
H22153 50 0.024777 5 0.0714286 2.88286
H22186 43 0.0213082 4 0.0571429 2.68173
H22206 31 0.0153617 4 0.0571429 3.71983
H22207 31 0.0153617 4 0.0571429 3.71983
H22208 31 0.0153617 4 0.0571429 3.71983
H22273 50 0.024777 5 0.0714286 2.88286
H22311 49 0.0242815 4 0.0571429 2.35335
H22312 54 0.0267592 4 0.0571429 2.13545
H22324 28 0.0138751 4 0.0571429 4.11838
H22351 8 0.00396432 6 0.0857143 21.6214
H22373 29 0.0143707 6 0.0857143 5.96452
H22374 40 0.0198216 7 0.1 5.045
H22375 31 0.0153617 6 0.0857143 5.57974
H22376 28 0.0138751 6 0.0857143 6.17756
H22377 28 0.0138751 6 0.0857143 6.17756
H22383 6 0.00297324 6 0.0857143 28.8286
H22412 27 0.0133796 4 0.0571429 4.2709
H22414 8 0.00396432 4 0.0571429 14.4143
H22415 9 0.00445986 4 0.0571429 12.8127
H22416 9 0.00445986 4 0.0571429 12.8127
H22461 7 0.00346878 7 0.1 28.8286
H22462 10 0.0049554 7 0.1 20.18
H22512 11 0.00545094 6 0.0857143 15.7247
H22513 11 0.00545094 6 0.0857143 15.7247
H22577 8 0.00396432 6 0.0857143 21.6214
H22642 34 0.0168484 4 0.0571429 3.39159
H22643 32 0.0158573 4 0.0571429 3.60357
H22701 29 0.0143707 4 0.0571429 3.97635
H22704 7 0.00346878 4 0.0571429 16.4735
H22727 48 0.0237859 4 0.0571429 2.40239
H22728 48 0.0237859 4 0.0571429 2.40239
H22729 36 0.0178394 4 0.0571429 3.20319
H22730 33 0.0163528 4 0.0571429 3.49438
H22751 33 0.0163528 4 0.0571429 3.49438
H22760 31 0.0153617 4 0.0571429 3.71983
H22761 31 0.0153617 4 0.0571429 3.71983
H22827 6 0.00297324 6 0.0857143 28.8286
H22943 10 0.0049554 10 0.142857 28.8286
H22956 10 0.0049554 5 0.0714286 14.4143
H23027 8 0.00396432 4 0.0571429 14.4143
H23112 10 0.0049554 8 0.114286 23.0629
H23113 5 0.0024777 8 0.114286 46.1258
H23115 6 0.00297324 8 0.114286 38.4382
H23176 6 0.00297324 6 0.0857143 28.8286
H23222 46 0.0227948 4 0.0571429 2.50684
H23223 42 0.0208127 4 0.0571429 2.74558
H23224 43 0.0213082 4 0.0571429 2.68173
H23225 42 0.0208127 4 0.0571429 2.74558
H23281 6 0.00297324 7 0.1 33.6333
H23282 6 0.00297324 7 0.1 33.6333
H23283 7 0.00346878 7 0.1 28.8286
H23284 10 0.0049554 7 0.1 20.18
H23296 38 0.0188305 4 0.0571429 3.03459
H23327 36 0.0178394 4 0.0571429 3.20319
H23393 10 0.0049554 9 0.128571 25.9456
H23432 31 0.0153617 4 0.0571429 3.71983
H23433 31 0.0153617 4 0.0571429 3.71983
H23434 31 0.0153617 4 0.0571429 3.71983
H23435 31 0.0153617 4 0.0571429 3.71983
H23450 11 0.00545094 7 0.1 18.3455
H23464 7 0.00346878 5 0.0714286 20.5919
H23494 68 0.0336967 5 0.0714286 2.11975
H23517 12 0.00594648 7 0.1 16.8167
H23542 29 0.0143707 4 0.0571429 3.97635
H23543 29 0.0143707 4 0.0571429 3.97635
H23567 31 0.0153617 4 0.0571429 3.71983
H23591 30 0.0148662 4 0.0571429 3.84381
H23628 8 0.00396432 6 0.0857143 21.6214
H23629 8 0.00396432 6 0.0857143 21.6214
H23642 11 0.00545094 7 0.1 18.3455
H23643 15 0.0074331 9 0.128571 17.2971
H23649 10 0.0049554 8 0.114286 23.0629
H23673 8 0.00396432 5 0.0714286 18.0179
H23678 31 0.0153617 4 0.0571429 3.71983
H23679 31 0.0153617 4 0.0571429 3.71983
H23680 31 0.0153617 4 0.0571429 3.71983
H23681 31 0.0153617 4 0.0571429 3.71983
H23682 31 0.0153617 4 0.0571429 3.71983
H23686 5 0.0024777 7 0.1 40.36
H23703 9 0.00445986 7 0.1 22.4222
H23742 33 0.0163528 4 0.0571429 3.49438
H23743 33 0.0163528 4 0.0571429 3.49438
H23744 33 0.0163528 4 0.0571429 3.49438
H23768 20 0.0099108 6 0.0857143 8.64858
H23797 32 0.0158573 4 0.0571429 3.60357
H23876 9 0.00445986 6 0.0857143 19.2191
H23883 31 0.0153617 4 0.0571429 3.71983
H23892 9 0.00445986 8 0.114286 25.6255
H23893 10 0.0049554 8 0.114286 23.0629
H23903 12 0.00594648 10 0.142857 24.0238
H23904 12 0.00594648 10 0.142857 24.0238
H23950 106 0.0525273 8 0.114286 2.17574
H24021 5 0.0024777 4 0.0571429 23.0629
H24031 31 0.0153617 4 0.0571429 3.71983
H24032 31 0.0153617 4 0.0571429 3.71983
H24033 31 0.0153617 4 0.0571429 3.71983
H24034 31 0.0153617 4 0.0571429 3.71983
H24035 30 0.0148662 4 0.0571429 3.84381
H24042 31 0.0153617 4 0.0571429 3.71983
H24043 31 0.0153617 4 0.0571429 3.71983
H24058 54 0.0267592 5 0.0714286 2.66931
H24071 26 0.012884 5 0.0714286 5.54398
H24073 27 0.0133796 6 0.0857143 6.40634
H24080 11 0.00545094 6 0.0857143 15.7247
H24098 31 0.0153617 4 0.0571429 3.71983
H24108 33 0.0163528 4 0.0571429 3.49438
H24146 40 0.0198216 4 0.0571429 2.88286
H24147 55 0.0272547 4 0.0571429 2.09663
H24166 28 0.0138751 4 0.0571429 4.11838
H24167 27 0.0133796 4 0.0571429 4.2709
H24186 11 0.00545094 7 0.1 18.3455
H24207 27 0.0133796 4 0.0571429 4.2709
H24209 27 0.0133796 4 0.0571429 4.2709
H24210 30 0.0148662 4 0.0571429 3.84381
H24221 22 0.0109019 4 0.0571429 5.24155
H24222 22 0.0109019 4 0.0571429 5.24155
H24345 31 0.0153617 4 0.0571429 3.71983
H24346 31 0.0153617 4 0.0571429 3.71983
H24347 31 0.0153617 4 0.0571429 3.71983
H24348 31 0.0153617 4 0.0571429 3.71983
H24349 31 0.0153617 4 0.0571429 3.71983
H24350 31 0.0153617 4 0.0571429 3.71983
H24351 31 0.0153617 4 0.0571429 3.71983
H24374 54 0.0267592 5 0.0714286 2.66931
H24388 73 0.0361744 7 0.1 2.76439
H24401 27 0.0133796 4 0.0571429 4.2709
H24402 29 0.0143707 4 0.0571429 3.97635
H24403 31 0.0153617 4 0.0571429 3.71983
H24405 11 0.00545094 9 0.128571 23.5869
H24406 12 0.00594648 9 0.128571 21.6214
H24426 33 0.0163528 8 0.114286 6.98877
H24427 32 0.0158573 7 0.1 6.30624
H24428 32 0.0158573 7 0.1 6.30624
H24429 32 0.0158573 7 0.1 6.30624
H24430 30 0.0148662 7 0.1 6.72667
H24431 14 0.00693756 6 0.0857143 12.3551
H24432 9 0.00445986 6 0.0857143 19.2191
H24452 6 0.00297324 6 0.0857143 28.8286
H24453 6 0.00297324 6 0.0857143 28.8286
H24468 10 0.0049554 7 0.1 20.18
H24469 10 0.0049554 7 0.1 20.18
H24471 9 0.00445986 6 0.0857143 19.2191
H24472 10 0.0049554 7 0.1 20.18
H24473 6 0.00297324 7 0.1 33.6333
H24474 6 0.00297324 6 0.0857143 28.8286
H24475 6 0.00297324 6 0.0857143 28.8286
H24476 8 0.00396432 6 0.0857143 21.6214
H24524 36 0.0178394 4 0.0571429 3.20319
H24558 30 0.0148662 4 0.0571429 3.84381
H24559 30 0.0148662 4 0.0571429 3.84381
H24560 30 0.0148662 4 0.0571429 3.84381
H24568 17 0.00842418 9 0.128571 15.2621
H24603 30 0.0148662 4 0.0571429 3.84381
H24605 31 0.0153617 4 0.0571429 3.71983
H24606 31 0.0153617 4 0.0571429 3.71983
H24607 30 0.0148662 4 0.0571429 3.84381
H24674 4 0.00198216 8 0.114286 57.6573
H24717 27 0.0133796 4 0.0571429 4.2709
H24718 29 0.0143707 4 0.0571429 3.97635
H24719 29 0.0143707 4 0.0571429 3.97635
H24720 29 0.0143707 4 0.0571429 3.97635
H24723 29 0.0143707 4 0.0571429 3.97635
H24781 29 0.0143707 4 0.0571429 3.97635
H24789 10 0.0049554 9 0.128571 25.9456
H24810 35 0.0173439 4 0.0571429 3.2947
H24843 31 0.0153617 4 0.0571429 3.71983
H24854 10 0.0049554 5 0.0714286 14.4143
H24855 10 0.0049554 5 0.0714286 14.4143
H24878 31 0.0153617 4 0.0571429 3.71983
H24899 9 0.00445986 7 0.1 22.4222
H24902 28 0.0138751 4 0.0571429 4.11838
H24935 30 0.0148662 4 0.0571429 3.84381
H24944 30 0.0148662 4 0.0571429 3.84381
H24953 34 0.0168484 4 0.0571429 3.39159
H24954 34 0.0168484 4 0.0571429 3.39159
H24955 34 0.0168484 4 0.0571429 3.39159
H24992 9 0.00445986 5 0.0714286 16.0159
H25006 13 0.00644202 8 0.114286 17.7407
H25058 33 0.0163528 4 0.0571429 3.49438
H25078 4 0.00198216 5 0.0714286 36.0357
H25105 29 0.0143707 4 0.0571429 3.97635
H25182 44 0.0218038 5 0.0714286 3.27597
H25228 31 0.0153617 4 0.0571429 3.71983
H25368 5 0.0024777 6 0.0857143 34.5943
H25370 3 0.00148662 4 0.0571429 38.4381
H25371 3 0.00148662 4 0.0571429 38.4381
H25399 57 0.0282458 4 0.0571429 2.02306
H25405 10 0.0049554 6 0.0857143 17.2972
H25407 6 0.00297324 5 0.0714286 24.0238
H25408 7 0.00346878 5 0.0714286 20.5919
H25420 7 0.00346878 5 0.0714286 20.5919
H25430 31 0.0153617 4 0.0571429 3.71983
H25449 32 0.0158573 4 0.0571429 3.60357
H25450 34 0.0168484 4 0.0571429 3.39159
H25470 84 0.0416254 6 0.0857143 2.05918
H25473 5 0.0024777 6 0.0857143 34.5943
H25484 35 0.0173439 4 0.0571429 3.2947
H25485 11 0.00545094 6 0.0857143 15.7247
H25486 31 0.0153617 4 0.0571429 3.71983
H25489 10 0.0049554 7 0.1 20.18
H25590 12 0.00594648 4 0.0571429 9.60953
H25602 11 0.00545094 9 0.128571 23.5869
H25603 11 0.00545094 9 0.128571 23.5869
H25651 9 0.00445986 7 0.1 22.4222
H25667 33 0.0163528 4 0.0571429 3.49438
H25683 96 0.0475719 7 0.1 2.10208
H25686 44 0.0218038 4 0.0571429 2.62078
H25724 24 0.011893 4 0.0571429 4.80475
H25725 21 0.0104063 4 0.0571429 5.49118
H25727 64 0.0317146 5 0.0714286 2.25223
H25728 64 0.0317146 5 0.0714286 2.25223
H25729 81 0.0401388 6 0.0857143 2.13545
H25739 9 0.00445986 8 0.114286 25.6255
H25786 31 0.0153617 4 0.0571429 3.71983
H25862 10 0.0049554 4 0.0571429 11.5314
H25904 9 0.00445986 4 0.0571429 12.8127
H25905 9 0.00445986 4 0.0571429 12.8127
H25939 93 0.0460852 7 0.1 2.16989
H25940 94 0.0465808 7 0.1 2.14681
H25942 88 0.0436075 7 0.1 2.29318
H25959 61 0.0302279 5 0.0714286 2.363
H25976 30 0.0148662 4 0.0571429 3.84381
H26032 10 0.0049554 9 0.128571 25.9456
H26046 30 0.0148662 4 0.0571429 3.84381
H26108 6 0.00297324 6 0.0857143 28.8286
H26405 8 0.00396432 7 0.1 25.225
H26406 8 0.00396432 7 0.1 25.225
H26432 11 0.00545094 6 0.0857143 15.7247
H26433 11 0.00545094 6 0.0857143 15.7247
H26434 11 0.00545094 6 0.0857143 15.7247
H26435 11 0.00545094 6 0.0857143 15.7247
H26436 11 0.00545094 6 0.0857143 15.7247
H26466 9 0.00445986 5 0.0714286 16.0159
H26467 8 0.00396432 5 0.0714286 18.0179
H26468 8 0.00396432 5 0.0714286 18.0179
H26479 9 0.00445986 7 0.1 22.4222
H26482 6 0.00297324 4 0.0571429 19.2191
H26487 8 0.00396432 5 0.0714286 18.0179
H26501 10 0.0049554 6 0.0857143 17.2972
H26502 7 0.00346878 6 0.0857143 24.7102
H26507 31 0.0153617 4 0.0571429 3.71983
H26517 9 0.00445986 10 0.142857 32.0317
H26518 10 0.0049554 9 0.128571 25.9456
H26559 2 0.00099108 4 0.0571429 57.6572
H26611 27 0.0133796 4 0.0571429 4.2709
H26621 27 0.0133796 4 0.0571429 4.2709
H26622 35 0.0173439 4 0.0571429 3.2947
H26696 7 0.00346878 6 0.0857143 24.7102
H26728 9 0.00445986 5 0.0714286 16.0159
H26729 9 0.00445986 5 0.0714286 16.0159
H26730 9 0.00445986 5 0.0714286 16.0159
H26731 7 0.00346878 4 0.0571429 16.4735
H26741 64 0.0317146 5 0.0714286 2.25223
H26746 1 0.00049554 4 0.0571429 115.314
H26758 85 0.0421209 6 0.0857143 2.03496
H26774 33 0.0163528 4 0.0571429 3.49438
H26830 10 0.0049554 10 0.142857 28.8286
H26875 3 0.00148662 4 0.0571429 38.4381
H26903 30 0.0148662 4 0.0571429 3.84381
H26938 8 0.00396432 5 0.0714286 18.0179
H26939 9 0.00445986 5 0.0714286 16.0159
H27147 45 0.0222993 4 0.0571429 2.56254
H27237 7 0.00346878 6 0.0857143 24.7102
H27313 6 0.00297324 5 0.0714286 24.0238
H27314 7 0.00346878 5 0.0714286 20.5919
H27315 6 0.00297324 5 0.0714286 24.0238
H27434 7 0.00346878 5 0.0714286 20.5919
H27460 4 0.00198216 4 0.0571429 28.8286
H27461 4 0.00198216 4 0.0571429 28.8286
H27482 6 0.00297324 5 0.0714286 24.0238
H27483 38 0.0188305 4 0.0571429 3.03459
H27531 7 0.00346878 6 0.0857143 24.7102
H27587 11 0.00545094 6 0.0857143 15.7247
H27588 11 0.00545094 6 0.0857143 15.7247
H27710 32 0.0158573 4 0.0571429 3.60357
H27721 10 0.0049554 6 0.0857143 17.2972
H27730 14 0.00693756 6 0.0857143 12.3551
H27731 14 0.00693756 6 0.0857143 12.3551
H27732 14 0.00693756 6 0.0857143 12.3551
H27733 14 0.00693756 6 0.0857143 12.3551
H27734 14 0.00693756 6 0.0857143 12.3551
H27735 14 0.00693756 6 0.0857143 12.3551
H27871 7 0.00346878 4 0.0571429 16.4735
H27872 7 0.00346878 4 0.0571429 16.4735
H27885 40 0.0198216 4 0.0571429 2.88286
H27886 40 0.0198216 4 0.0571429 2.88286
H27944 71 0.0351833 5 0.0714286 2.03018
H27950 7 0.00346878 7 0.1 28.8286
H28085 13 0.00644202 4 0.0571429 8.87034
H28107 10 0.0049554 5 0.0714286 14.4143
H28108 10 0.0049554 5 0.0714286 14.4143
H28109 10 0.0049554 5 0.0714286 14.4143
H28110 10 0.0049554 5 0.0714286 14.4143
H28111 10 0.0049554 5 0.0714286 14.4143
H28112 10 0.0049554 5 0.0714286 14.4143
H28146 30 0.0148662 4 0.0571429 3.84381
H28156 31 0.0153617 4 0.0571429 3.71983
H28158 31 0.0153617 4 0.0571429 3.71983
H28159 34 0.0168484 4 0.0571429 3.39159
H28160 32 0.0158573 4 0.0571429 3.60357
H28161 34 0.0168484 4 0.0571429 3.39159
H28164 15 0.0074331 6 0.0857143 11.5314
H28232 29 0.0143707 4 0.0571429 3.97635
H28234 11 0.00545094 6 0.0857143 15.7247
H28235 11 0.00545094 7 0.1 18.3455
H28245 33 0.0163528 4 0.0571429 3.49438
H28246 33 0.0163528 4 0.0571429 3.49438
H28261 28 0.0138751 4 0.0571429 4.11838
H28262 28 0.0138751 4 0.0571429 4.11838
H28277 31 0.0153617 4 0.0571429 3.71983
H28330 6 0.00297324 4 0.0571429 19.2191
H28331 2 0.00099108 4 0.0571429 57.6572
H28371 9 0.00445986 6 0.0857143 19.2191
H28446 9 0.00445986 5 0.0714286 16.0159
H28447 9 0.00445986 5 0.0714286 16.0159
H28448 9 0.00445986 5 0.0714286 16.0159
H28449 9 0.00445986 5 0.0714286 16.0159
H28455 33 0.0163528 4 0.0571429 3.49438
H28456 27 0.0133796 4 0.0571429 4.2709
H28491 10 0.0049554 9 0.128571 25.9456
H28550 7 0.00346878 6 0.0857143 24.7102
H28675 10 0.0049554 6 0.0857143 17.2972
H28692 29 0.0143707 4 0.0571429 3.97635
H28765 30 0.0148662 4 0.0571429 3.84381
H28777 32 0.0158573 4 0.0571429 3.60357
H28778 31 0.0153617 4 0.0571429 3.71983
H28814 99 0.0490585 7 0.1 2.03838
H28855 8 0.00396432 7 0.1 25.225
H28856 7 0.00346878 7 0.1 28.8286
H28857 7 0.00346878 7 0.1 28.8286
H28876 31 0.0153617 4 0.0571429 3.71983
H28877 31 0.0153617 4 0.0571429 3.71983
H28940 11 0.00545094 9 0.128571 23.5869
H28941 11 0.00545094 9 0.128571 23.5869
H28942 9 0.00445986 8 0.114286 25.6255
H28989 31 0.0153617 4 0.0571429 3.71983
H29018 31 0.0153617 4 0.0571429 3.71983
H29019 31 0.0153617 4 0.0571429 3.71983
H29020 32 0.0158573 4 0.0571429 3.60357
H29034 39 0.0193261 7 0.1 5.17435
H29038 31 0.0153617 4 0.0571429 3.71983
H29082 10 0.0049554 5 0.0714286 14.4143
H29083 10 0.0049554 5 0.0714286 14.4143
H29098 31 0.0153617 4 0.0571429 3.71983
H29144 3 0.00148662 4 0.0571429 38.4381
H29180 31 0.0153617 4 0.0571429 3.71983
H29277 9 0.00445986 6 0.0857143 19.2191
H29294 6 0.00297324 5 0.0714286 24.0238
H29332 31 0.0153617 4 0.0571429 3.71983
H29333 31 0.0153617 4 0.0571429 3.71983
H29334 31 0.0153617 4 0.0571429 3.71983
H29335 30 0.0148662 4 0.0571429 3.84381
H29336 31 0.0153617 4 0.0571429 3.71983
H29337 30 0.0148662 4 0.0571429 3.84381
H29338 31 0.0153617 4 0.0571429 3.71983
H29360 30 0.0148662 5 0.0714286 4.80477
H29452 31 0.0153617 4 0.0571429 3.71983
H29483 10 0.0049554 8 0.114286 23.0629
H29484 10 0.0049554 8 0.114286 23.0629
H29516 10 0.0049554 7 0.1 20.18
H29517 10 0.0049554 7 0.1 20.18
H29529 52 0.0257681 4 0.0571429 2.21758
H29530 52 0.0257681 4 0.0571429 2.21758
H29546 9 0.00445986 7 0.1 22.4222
H29568 29 0.0143707 4 0.0571429 3.97635
H29581 29 0.0143707 4 0.0571429 3.97635
H29586 10 0.0049554 4 0.0571429 11.5314
H29668 12 0.00594648 6 0.0857143 14.4143
H29669 12 0.00594648 6 0.0857143 14.4143
H29670 13 0.00644202 6 0.0857143 13.3055
H29671 113 0.055996 8 0.114286 2.04097
H29703 6 0.00297324 8 0.114286 38.4382
H29704 7 0.00346878 6 0.0857143 24.7102
H29705 5 0.0024777 8 0.114286 46.1258
H29710 30 0.0148662 4 0.0571429 3.84381
H29737 46 0.0227948 4 0.0571429 2.50684
H29749 5 0.0024777 4 0.0571429 23.0629
H29755 31 0.0153617 4 0.0571429 3.71983
H29771 9 0.00445986 6 0.0857143 19.2191
H29834 31 0.0153617 4 0.0571429 3.71983
H29883 12 0.00594648 6 0.0857143 14.4143
H29884 13 0.00644202 7 0.1 15.5231
H29887 32 0.0158573 4 0.0571429 3.60357
H29888 32 0.0158573 4 0.0571429 3.60357
H29917 33 0.0163528 4 0.0571429 3.49438
H29918 33 0.0163528 4 0.0571429 3.49438
H29975 14 0.00693756 4 0.0571429 8.23674
H29978 31 0.0153617 4 0.0571429 3.71983
H29996 63 0.031219 8 0.114286 3.66078
H30056 33 0.0163528 4 0.0571429 3.49438
H30071 39 0.0193261 4 0.0571429 2.95677
H30090 8 0.00396432 5 0.0714286 18.0179
H30138 36 0.0178394 4 0.0571429 3.20319
H30139 37 0.018335 4 0.0571429 3.1166
H30140 37 0.018335 4 0.0571429 3.1166
H30143 29 0.0143707 4 0.0571429 3.97635
H30153 10 0.0049554 9 0.128571 25.9456
H30201 31 0.0153617 4 0.0571429 3.71983
H30221 31 0.0153617 4 0.0571429 3.71983
H30253 31 0.0153617 4 0.0571429 3.71983
H30264 8 0.00396432 7 0.1 25.225
H30305 11 0.00545094 7 0.1 18.3455
H30308 17 0.00842418 6 0.0857143 10.1748
H30309 16 0.00792864 5 0.0714286 9.00893
H30320 8 0.00396432 6 0.0857143 21.6214
H30321 8 0.00396432 6 0.0857143 21.6214
H30322 8 0.00396432 6 0.0857143 21.6214
H30323 8 0.00396432 6 0.0857143 21.6214
H30324 8 0.00396432 6 0.0857143 21.6214
H30325 8 0.00396432 6 0.0857143 21.6214
H30327 6 0.00297324 6 0.0857143 28.8286
H30328 8 0.00396432 6 0.0857143 21.6214
H30329 8 0.00396432 6 0.0857143 21.6214
H30330 8 0.00396432 6 0.0857143 21.6214
H30378 27 0.0133796 4 0.0571429 4.2709
H30425 1 0.00049554 4 0.0571429 115.314
H30426 1 0.00049554 4 0.0571429 115.314
H30462 30 0.0148662 4 0.0571429 3.84381
H30477 8 0.00396432 7 0.1 25.225
H30478 8 0.00396432 7 0.1 25.225
H30481 30 0.0148662 4 0.0571429 3.84381
H30714 28 0.0138751 4 0.0571429 4.11838
H30724 9 0.00445986 6 0.0857143 19.2191
H30725 9 0.00445986 6 0.0857143 19.2191
H30750 52 0.0257681 5 0.0714286 2.77198
H30753 13 0.00644202 10 0.142857 22.1758
H30754 13 0.00644202 10 0.142857 22.1758
H30755 12 0.00594648 10 0.142857 24.0238
H30819 30 0.0148662 4 0.0571429 3.84381
H30832 29 0.0143707 6 0.0857143 5.96452
H31009 30 0.0148662 4 0.0571429 3.84381
H31019 29 0.0143707 4 0.0571429 3.97635
H31269 41 0.0203171 5 0.0714286 3.51569
H31301 7 0.00346878 4 0.0571429 16.4735
H31441 33 0.0163528 5 0.0714286 4.36797
H31459 19 0.00941526 4 0.0571429 6.06918
H31546 30 0.0148662 4 0.0571429 3.84381
H31547 30 0.0148662 4 0.0571429 3.84381
H31562 30 0.0148662 6 0.0857143 5.76572
H31567 2 0.00099108 4 0.0571429 57.6572
H31581 29 0.0143707 4 0.0571429 3.97635
H31649 26 0.012884 8 0.114286 8.87038
H31757 27 0.0133796 4 0.0571429 4.2709
H31759 7 0.00346878 4 0.0571429 16.4735
H31777 9 0.00445986 6 0.0857143 19.2191
H31908 27 0.0133796 4 0.0571429 4.2709
H32003 10 0.0049554 6 0.0857143 17.2972
H32022 31 0.0153617 4 0.0571429 3.71983
H32131 31 0.0153617 4 0.0571429 3.71983
H32204 5 0.0024777 4 0.0571429 23.0629
H32226 28 0.0138751 4 0.0571429 4.11838
H32262 5 0.0024777 4 0.0571429 23.0629
H32427 31 0.0153617 4 0.0571429 3.71983
H32428 31 0.0153617 4 0.0571429 3.71983
H32450 11 0.00545094 7 0.1 18.3455
H32504 29 0.0143707 4 0.0571429 3.97635
H32523 13 0.00644202 5 0.0714286 11.0879
H32531 5 0.0024777 7 0.1 40.36
H32532 5 0.0024777 7 0.1 40.36
H32533 5 0.0024777 7 0.1 40.36
H32534 5 0.0024777 7 0.1 40.36
H32535 5 0.0024777 7 0.1 40.36
H32536 5 0.0024777 7 0.1 40.36
H32537 41 0.0203171 7 0.1 4.92196
H32538 6 0.00297324 7 0.1 33.6333
H32558 28 0.0138751 4 0.0571429 4.11838
H32653 19 0.00941526 4 0.0571429 6.06918
H32752 30 0.0148662 4 0.0571429 3.84381
H32753 30 0.0148662 4 0.0571429 3.84381
H32777 29 0.0143707 4 0.0571429 3.97635
H32848 26 0.012884 8 0.114286 8.87038
H32891 49 0.0242815 5 0.0714286 2.94169
H32964 34 0.0168484 4 0.0571429 3.39159
H32968 28 0.0138751 4 0.0571429 4.11838
H32984 9 0.00445986 6 0.0857143 19.2191
H33187 48 0.0237859 4 0.0571429 2.40239
H33197 10 0.0049554 6 0.0857143 17.2972
H33221 31 0.0153617 4 0.0571429 3.71983
H33273 13 0.00644202 5 0.0714286 11.0879
H33291 26 0.012884 6 0.0857143 6.65277
H33316 9 0.00445986 10 0.142857 32.0317
H33332 31 0.0153617 4 0.0571429 3.71983
H33414 5 0.0024777 4 0.0571429 23.0629
H33483 7 0.00346878 5 0.0714286 20.5919
H33528 27 0.0133796 4 0.0571429 4.2709
H33530 30 0.0148662 4 0.0571429 3.84381
H33553 34 0.0168484 4 0.0571429 3.39159
H33604 28 0.0138751 4 0.0571429 4.11838
