H00080 24 0.011976 8 0.0952381 7.95241
H00125 36 0.0179641 6 0.0714286 3.97619
H00303 69 0.0344311 10 0.119048 3.45757
H00352 45 0.0224551 5 0.0595238 2.65079
H00355 45 0.0224551 5 0.0595238 2.65079
H00413 21 0.010479 5 0.0595238 5.68029
H00414 21 0.010479 5 0.0595238 5.68029
H00415 21 0.010479 5 0.0595238 5.68029
H00416 21 0.010479 5 0.0595238 5.68029
H00470 57 0.0284431 5 0.0595238 2.09273
H00742 31 0.0154691 5 0.0595238 3.84792
H00884 104 0.0518962 14 0.166667 3.21155
H00889 58 0.0289421 5 0.0595238 2.05665
H00920 33 0.0164671 7 0.0833333 5.06059
H00921 33 0.0164671 7 0.0833333 5.06059
H00922 33 0.0164671 7 0.0833333 5.06059
H00965 94 0.0469062 8 0.0952381 2.03039
H00966 94 0.0469062 8 0.0952381 2.03039
H01024 37 0.0184631 5 0.0595238 3.22393
H01031 35 0.0174651 7 0.0833333 4.77142
H01032 40 0.0199601 6 0.0714286 3.57857
H01057 34 0.0169661 5 0.0595238 3.5084
H01058 55 0.0274451 5 0.0595238 2.16883
H01060 55 0.0274451 5 0.0595238 2.16883
H01061 39 0.0194611 5 0.0595238 3.0586
H01062 24 0.011976 5 0.0595238 4.97026
H01196 15 0.00748503 5 0.0595238 7.95238
H01210 131 0.0653693 11 0.130952 2.00326
H01211 122 0.0608782 11 0.130952 2.15105
H01213 120 0.0598802 11 0.130952 2.1869
H01214 120 0.0598802 13 0.154762 2.58453
H01215 120 0.0598802 13 0.154762 2.58453
H01216 111 0.0553892 10 0.119048 2.1493
H01258 68 0.0339321 6 0.0714286 2.10505
H01349 26 0.0129741 5 0.0595238 4.58789
H01356 37 0.0184631 7 0.0833333 4.51351
H01357 33 0.0164671 7 0.0833333 5.06059
H01510 70 0.0349301 10 0.119048 3.40818
H01532 105 0.0523952 9 0.107143 2.0449
H01575 50 0.0249501 6 0.0714286 2.86286
H01633 63 0.0314371 6 0.0714286 2.27211
H01634 64 0.0319361 6 0.0714286 2.23661
H01645 30 0.0149701 6 0.0714286 4.77142
H01669 53 0.0264471 5 0.0595238 2.25067
H01765 45 0.0224551 6 0.0714286 3.18095
H01773 54 0.0269461 5 0.0595238 2.20899
H01774 64 0.0319361 9 0.107143 3.35492
H02019 17 0.00848303 5 0.0595238 7.01681
H02020 17 0.00848303 5 0.0595238 7.01681
H02021 17 0.00848303 5 0.0595238 7.01681
H02022 17 0.00848303 5 0.0595238 7.01681
H02023 17 0.00848303 5 0.0595238 7.01681
H02051 121 0.0603792 12 0.142857 2.366
H02062 13 0.00648703 5 0.0595238 9.17582
H02117 18 0.00898204 5 0.0595238 6.62698
H02153 71 0.0354291 7 0.0833333 2.35211
H02172 88 0.0439122 13 0.154762 3.52435
H02173 126 0.0628743 13 0.154762 2.46145
H02188 16 0.00798403 6 0.0714286 8.94643
H02256 41 0.0204591 5 0.0595238 2.9094
H02257 41 0.0204591 5 0.0595238 2.9094
H02258 41 0.0204591 5 0.0595238 2.9094
H02263 41 0.0204591 5 0.0595238 2.9094
H02321 18 0.00898204 5 0.0595238 6.62698
H02351 56 0.0279441 5 0.0595238 2.1301
H02494 53 0.0264471 5 0.0595238 2.25067
H02510 19 0.00948104 5 0.0595238 6.27819
H02628 33 0.0164671 5 0.0595238 3.61471
H02713 31 0.0154691 5 0.0595238 3.84792
H02800 25 0.012475 6 0.0714286 5.72574
H02839 44 0.0219561 7 0.0833333 3.79545
H02840 44 0.0219561 7 0.0833333 3.79545
H02841 44 0.0219561 7 0.0833333 3.79545
H03121 79 0.0394212 7 0.0833333 2.11392
H03122 85 0.0424152 9 0.107143 2.52605
H03125 103 0.0513972 9 0.107143 2.08461
H03126 107 0.0533932 9 0.107143 2.00668
H03142 109 0.0543912 10 0.119048 2.18874
H03143 101 0.0503992 11 0.130952 2.5983
H03144 116 0.0578842 10 0.119048 2.05666
H03145 125 0.0623752 11 0.130952 2.09942
H03148 105 0.0523952 9 0.107143 2.0449
H03149 95 0.0474052 8 0.0952381 2.00902
H03155 98 0.0489022 10 0.119048 2.43441
H03156 93 0.0464072 9 0.107143 2.30876
H03247 35 0.0174651 6 0.0714286 4.08979
H03260 47 0.0234531 5 0.0595238 2.53799
H03333 67 0.0334331 7 0.0833333 2.49254
H03389 20 0.00998004 5 0.0595238 5.96428
H03424 53 0.0264471 5 0.0595238 2.25067
H03490 87 0.0434132 10 0.119048 2.74221
H03491 88 0.0439122 10 0.119048 2.71105
H03492 87 0.0434132 10 0.119048 2.74221
H03493 88 0.0439122 10 0.119048 2.71105
H03497 106 0.0528942 13 0.154762 2.92588
H03502 105 0.0523952 10 0.119048 2.27212
H03519 49 0.0244511 5 0.0595238 2.4344
H03567 111 0.0553892 11 0.130952 2.36422
H03568 107 0.0533932 11 0.130952 2.4526
H03835 53 0.0264471 6 0.0714286 2.70081
H04028 29 0.0144711 5 0.0595238 4.11329
H04205 40 0.0199601 5 0.0595238 2.98214
H04224 149 0.0743513 13 0.154762 2.0815
H04266 144 0.0718563 14 0.166667 2.31945
H04267 138 0.0688623 14 0.166667 2.42029
H04348 14 0.00698603 5 0.0595238 8.5204
H04351 36 0.0179641 6 0.0714286 3.97619
H04352 92 0.0459082 8 0.0952381 2.07453
H04469 21 0.010479 5 0.0595238 5.68029
H04470 21 0.010479 5 0.0595238 5.68029
H04511 87 0.0434132 10 0.119048 2.74221
H04594 122 0.0608782 11 0.130952 2.15105
H04648 49 0.0244511 5 0.0595238 2.4344
H04738 14 0.00698603 5 0.0595238 8.5204
H04739 14 0.00698603 8 0.0952381 13.6326
H04782 111 0.0553892 12 0.142857 2.57915
H04783 114 0.0568862 12 0.142857 2.51128
H04784 106 0.0528942 10 0.119048 2.25068
H04787 146 0.0728543 13 0.154762 2.12427
H04788 143 0.0713573 13 0.154762 2.16883
H04789 143 0.0713573 13 0.154762 2.16883
H04991 31 0.0154691 7 0.0833333 5.38708
H05039 66 0.0329341 6 0.0714286 2.16883
H05050 116 0.0578842 12 0.142857 2.46798
H05160 34 0.0169661 5 0.0595238 3.5084
H05450 132 0.0658683 12 0.142857 2.16883
H05496 116 0.0578842 13 0.154762 2.67365
H05498 146 0.0728543 13 0.154762 2.12427
H05529 14 0.00698603 8 0.0952381 13.6326
H05540 18 0.00898204 5 0.0595238 6.62698
H05589 62 0.0309381 6 0.0714286 2.30876
H05660 57 0.0284431 5 0.0595238 2.09273
H05932 20 0.00998004 10 0.119048 11.9286
H05937 128 0.0638723 12 0.142857 2.2366
H05966 130 0.0648703 11 0.130952 2.01867
H06146 48 0.0239521 7 0.0833333 3.47916
H06149 102 0.0508982 9 0.107143 2.10504
H06160 28 0.0139721 5 0.0595238 4.26019
H06320 45 0.0224551 6 0.0714286 3.18095
H06349 35 0.0174651 5 0.0595238 3.40816
H06370 177 0.0883234 15 0.178571 2.02179
H06371 177 0.0883234 15 0.178571 2.02179
H06372 177 0.0883234 15 0.178571 2.02179
H06373 177 0.0883234 15 0.178571 2.02179
H06374 177 0.0883234 15 0.178571 2.02179
H06385 37 0.0184631 6 0.0714286 3.86872
H06435 128 0.0638723 11 0.130952 2.05022
H06476 51 0.0254491 5 0.0595238 2.33894
H06477 54 0.0269461 5 0.0595238 2.20899
H06491 32 0.0159681 5 0.0595238 3.72767
H06492 32 0.0159681 5 0.0595238 3.72767
H06505 53 0.0264471 6 0.0714286 2.70081
H06628 29 0.0144711 6 0.0714286 4.93595
H06630 22 0.010978 5 0.0595238 5.4221
H06633 22 0.010978 5 0.0595238 5.4221
H06634 21 0.010479 5 0.0595238 5.68029
H06635 21 0.010479 5 0.0595238 5.68029
H06653 49 0.0244511 5 0.0595238 2.4344
H06732 38 0.0189621 5 0.0595238 3.13909
H06877 77 0.0384232 8 0.0952381 2.47866
H06984 31 0.0154691 5 0.0595238 3.84792
H07070 131 0.0653693 14 0.166667 2.54962
H07150 23 0.011477 8 0.0952381 8.29817
H07151 32 0.0159681 8 0.0952381 5.96427
H07152 32 0.0159681 8 0.0952381 5.96427
H07154 35 0.0174651 8 0.0952381 5.45305
H07155 20 0.00998004 9 0.107143 10.7357
H07248 30 0.0149701 6 0.0714286 4.77142
H07299 41 0.0204591 5 0.0595238 2.9094
H07307 48 0.0239521 5 0.0595238 2.48512
H07312 7 0.00349301 8 0.0952381 27.2653
H07343 57 0.0284431 5 0.0595238 2.09273
H07467 33 0.0164671 5 0.0595238 3.61471
H07523 27 0.0134731 5 0.0595238 4.41797
H07738 51 0.0254491 6 0.0714286 2.80672
H07771 100 0.0499002 9 0.107143 2.14715
H07776 71 0.0354291 6 0.0714286 2.0161
H07816 39 0.0194611 5 0.0595238 3.0586
H07834 20 0.00998004 8 0.0952381 9.54286
H07855 49 0.0244511 9 0.107143 4.38193
H08043 17 0.00848303 5 0.0595238 7.01681
H08105 17 0.00848303 5 0.0595238 7.01681
H08106 17 0.00848303 5 0.0595238 7.01681
H08107 17 0.00848303 5 0.0595238 7.01681
H08184 63 0.0314371 6 0.0714286 2.27211
H08185 63 0.0314371 6 0.0714286 2.27211
H08229 34 0.0169661 5 0.0595238 3.5084
H08257 102 0.0508982 12 0.142857 2.80672
H08258 103 0.0513972 12 0.142857 2.77947
H08296 19 0.00948104 6 0.0714286 7.53384
H08297 18 0.00898204 6 0.0714286 7.95238
H08298 18 0.00898204 6 0.0714286 7.95238
H08323 58 0.0289421 5 0.0595238 2.05665
H08326 58 0.0289421 5 0.0595238 2.05665
H08330 50 0.0249501 6 0.0714286 2.86286
H08346 56 0.0279441 6 0.0714286 2.55612
H08659 24 0.011976 6 0.0714286 5.96431
H08706 43 0.0214571 5 0.0595238 2.77408
H08707 54 0.0269461 6 0.0714286 2.6508
H08993 90 0.0449102 8 0.0952381 2.12063
H09052 48 0.0239521 6 0.0714286 2.98214
H09053 42 0.0209581 7 0.0833333 3.97619
H09054 47 0.0234531 5 0.0595238 2.53799
H09055 30 0.0149701 5 0.0595238 3.97618
H09126 17 0.00848303 8 0.0952381 11.2269
H09127 19 0.00948104 9 0.107143 11.3008
H09128 36 0.0179641 6 0.0714286 3.97619
H09129 32 0.0159681 6 0.0714286 4.47321
H09130 32 0.0159681 6 0.0714286 4.47321
H09131 32 0.0159681 6 0.0714286 4.47321
H09132 32 0.0159681 6 0.0714286 4.47321
H09133 32 0.0159681 6 0.0714286 4.47321
H09134 32 0.0159681 6 0.0714286 4.47321
H09135 32 0.0159681 6 0.0714286 4.47321
H09136 21 0.010479 10 0.119048 11.3606
H09137 20 0.00998004 8 0.0952381 9.54286
H09138 20 0.00998004 8 0.0952381 9.54286
H09166 22 0.010978 9 0.107143 9.75979
H09345 161 0.0803393 15 0.178571 2.22271
H09404 70 0.0349301 6 0.0714286 2.0449
H09655 160 0.0798403 14 0.166667 2.0875
H09666 15 0.00748503 7 0.0833333 11.1333
H09755 37 0.0184631 6 0.0714286 3.86872
H09756 37 0.0184631 6 0.0714286 3.86872
H09781 58 0.0289421 8 0.0952381 3.29064
H09945 14 0.00698603 7 0.0833333 11.9286
H10010 29 0.0144711 5 0.0595238 4.11329
H10302 106 0.0528942 13 0.154762 2.92588
H10318 113 0.0563872 12 0.142857 2.5335
H10361 45 0.0224551 7 0.0833333 3.71111
H10375 21 0.010479 8 0.0952381 9.08847
H10376 21 0.010479 9 0.107143 10.2245
H10473 102 0.0508982 10 0.119048 2.33894
H10482 47 0.0234531 6 0.0714286 3.04559
H10519 28 0.0139721 5 0.0595238 4.26019
H10693 14 0.00698603 5 0.0595238 8.5204
H10800 28 0.0139721 5 0.0595238 4.26019
H10873 122 0.0608782 11 0.130952 2.15105
H10874 123 0.0613772 11 0.130952 2.13356
H11057 64 0.0319361 6 0.0714286 2.23661
H11125 41 0.0204591 5 0.0595238 2.9094
H11169 20 0.00998004 5 0.0595238 5.96428
H11172 17 0.00848303 5 0.0595238 7.01681
H11177 67 0.0334331 6 0.0714286 2.13646
H11558 23 0.011477 6 0.0714286 6.22363
H11631 37 0.0184631 5 0.0595238 3.22393
H11996 52 0.0259481 5 0.0595238 2.29396
H12177 107 0.0533932 9 0.107143 2.00668
H12178 29 0.0144711 6 0.0714286 4.93595
H12190 54 0.0269461 7 0.0833333 3.09259
H12209 118 0.0588822 11 0.130952 2.22397
H12217 109 0.0543912 10 0.119048 2.18874
H12218 110 0.0548902 10 0.119048 2.16884
H12228 152 0.0758483 13 0.154762 2.04041
H12610 44 0.0219561 7 0.0833333 3.79545
H12925 79 0.0394212 7 0.0833333 2.11392
H12971 29 0.0144711 5 0.0595238 4.11329
H13079 39 0.0194611 6 0.0714286 3.67033
H13080 39 0.0194611 6 0.0714286 3.67033
H13100 23 0.011477 5 0.0595238 5.18636
H13280 37 0.0184631 6 0.0714286 3.86872
H13315 67 0.0334331 7 0.0833333 2.49254
H13727 121 0.0603792 13 0.154762 2.56317
H13858 50 0.0249501 5 0.0595238 2.38571
H13860 38 0.0189621 6 0.0714286 3.76691
H14051 104 0.0518962 11 0.130952 2.52334
H14072 38 0.0189621 5 0.0595238 3.13909
H14080 131 0.0653693 11 0.130952 2.00326
H14102 30 0.0149701 5 0.0595238 3.97618
H14174 27 0.0134731 6 0.0714286 5.30157
H14177 13 0.00648703 5 0.0595238 9.17582
H14178 14 0.00698603 7 0.0833333 11.9286
H14242 110 0.0548902 10 0.119048 2.16884
H14244 105 0.0523952 9 0.107143 2.0449
H14245 116 0.0578842 12 0.142857 2.46798
H14250 128 0.0638723 13 0.154762 2.42299
H14262 142 0.0708583 12 0.142857 2.01609
H14454 46 0.0229541 5 0.0595238 2.59317
H14488 31 0.0154691 7 0.0833333 5.38708
H14529 54 0.0269461 10 0.119048 4.418
H14530 35 0.0174651 9 0.107143 6.13469
H14566 15 0.00748503 7 0.0833333 11.1333
H14568 47 0.0234531 8 0.0952381 4.06079
H14569 22 0.010978 6 0.0714286 6.50652
H14583 28 0.0139721 8 0.0952381 6.81631
H14585 23 0.011477 8 0.0952381 8.29817
H14586 37 0.0184631 7 0.0833333 4.51351
H14786 13 0.00648703 5 0.0595238 9.17582
H14849 30 0.0149701 5 0.0595238 3.97618
H15020 35 0.0174651 5 0.0595238 3.40816
H15261 92 0.0459082 8 0.0952381 2.07453
H15262 92 0.0459082 8 0.0952381 2.07453
H15263 91 0.0454092 8 0.0952381 2.09733
H15304 33 0.0164671 6 0.0714286 4.33766
H15305 33 0.0164671 6 0.0714286 4.33766
H15349 135 0.0673653 12 0.142857 2.12063
H15351 134 0.0668663 13 0.154762 2.3145
H15440 31 0.0154691 8 0.0952381 6.15667
H15491 13 0.00648703 5 0.0595238 9.17582
H15515 49 0.0244511 5 0.0595238 2.4344
H15614 100 0.0499002 12 0.142857 2.86285
H15718 94 0.0469062 8 0.0952381 2.03039
H15767 72 0.0359281 8 0.0952381 2.6508
H15820 24 0.011976 5 0.0595238 4.97026
H15879 49 0.0244511 5 0.0595238 2.4344
H15951 23 0.011477 7 0.0833333 7.2609
H15953 23 0.011477 5 0.0595238 5.18636
H16016 27 0.0134731 5 0.0595238 4.41797
H16017 27 0.0134731 5 0.0595238 4.41797
H16018 27 0.0134731 5 0.0595238 4.41797
H16019 25 0.012475 5 0.0595238 4.77145
H16020 25 0.012475 5 0.0595238 4.77145
H16021 25 0.012475 5 0.0595238 4.77145
H16043 53 0.0264471 8 0.0952381 3.60108
H16045 53 0.0264471 8 0.0952381 3.60108
H16070 143 0.0713573 12 0.142857 2.002
H16072 120 0.0598802 12 0.142857 2.38571
H16080 147 0.0733533 14 0.166667 2.27211
H16081 153 0.0763473 13 0.154762 2.02708
H16086 132 0.0658683 13 0.154762 2.34957
H16087 116 0.0578842 11 0.130952 2.26231
H16095 58 0.0289421 8 0.0952381 3.29064
H16101 106 0.0528942 13 0.154762 2.92588
H16102 128 0.0638723 12 0.142857 2.2366
H16103 119 0.0593812 13 0.154762 2.60625
H16104 116 0.0578842 10 0.119048 2.05666
H16109 177 0.0883234 15 0.178571 2.02179
H16125 82 0.0409182 12 0.142857 3.49128
H16131 106 0.0528942 9 0.107143 2.02561
H16138 85 0.0424152 10 0.119048 2.80673
H16216 32 0.0159681 6 0.0714286 4.47321
H16251 67 0.0334331 6 0.0714286 2.13646
H16285 40 0.0199601 5 0.0595238 2.98214
H16294 25 0.012475 5 0.0595238 4.77145
H16588 86 0.0429142 8 0.0952381 2.21927
H16609 52 0.0259481 6 0.0714286 2.75275
H16614 155 0.0773453 13 0.154762 2.00092
H16621 74 0.0369261 8 0.0952381 2.57915
H16624 27 0.0134731 5 0.0595238 4.41797
H16627 79 0.0394212 9 0.107143 2.7179
H16641 114 0.0568862 11 0.130952 2.302
H16642 134 0.0668663 12 0.142857 2.13646
H16643 109 0.0543912 10 0.119048 2.18874
H16649 119 0.0593812 10 0.119048 2.00481
H16661 27 0.0134731 6 0.0714286 5.30157
H16662 38 0.0189621 5 0.0595238 3.13909
H16663 39 0.0194611 5 0.0595238 3.0586
H16664 39 0.0194611 5 0.0595238 3.0586
H16695 105 0.0523952 9 0.107143 2.0449
H16699 62 0.0309381 6 0.0714286 2.30876
H16733 129 0.0643713 11 0.130952 2.03432
H16875 53 0.0264471 6 0.0714286 2.70081
H16876 53 0.0264471 6 0.0714286 2.70081
H16878 38 0.0189621 5 0.0595238 3.13909
H16883 34 0.0169661 5 0.0595238 3.5084
H16884 42 0.0209581 6 0.0714286 3.40816
H16885 34 0.0169661 5 0.0595238 3.5084
H16891 37 0.0184631 5 0.0595238 3.22393
H16892 34 0.0169661 5 0.0595238 3.5084
H16893 34 0.0169661 6 0.0714286 4.21008
H16894 34 0.0169661 6 0.0714286 4.21008
H17544 15 0.00748503 5 0.0595238 7.95238
H17545 15 0.00748503 5 0.0595238 7.95238
H17572 20 0.00998004 5 0.0595238 5.96428
H17573 26 0.0129741 6 0.0714286 5.50548
H17625 57 0.0284431 7 0.0833333 2.92982
H17649 126 0.0628743 11 0.130952 2.08276
H17719 117 0.0583832 11 0.130952 2.24297
H17722 83 0.0414172 7 0.0833333 2.01205
H17723 81 0.0404192 7 0.0833333 2.06173
H17729 94 0.0469062 11 0.130952 2.79178
H17734 77 0.0384232 9 0.107143 2.7885
H17736 105 0.0523952 11 0.130952 2.49931
H18072 28 0.0139721 6 0.0714286 5.11223
H18073 27 0.0134731 6 0.0714286 5.30157
H18076 28 0.0139721 5 0.0595238 4.26019
H18086 27 0.0134731 6 0.0714286 5.30157
H18132 71 0.0354291 7 0.0833333 2.35211
H18156 55 0.0274451 5 0.0595238 2.16883
H18384 49 0.0244511 5 0.0595238 2.4344
H18385 47 0.0234531 5 0.0595238 2.53799
H18386 44 0.0219561 5 0.0595238 2.71104
H18387 50 0.0249501 7 0.0833333 3.34
H18388 50 0.0249501 7 0.0833333 3.34
H18404 47 0.0234531 5 0.0595238 2.53799
H18405 47 0.0234531 5 0.0595238 2.53799
H18420 46 0.0229541 5 0.0595238 2.59317
H18528 43 0.0214571 5 0.0595238 2.77408
H18529 44 0.0219561 5 0.0595238 2.71104
H18569 57 0.0284431 5 0.0595238 2.09273
H18585 102 0.0508982 9 0.107143 2.10504
H18621 16 0.00798403 5 0.0595238 7.45536
H18622 17 0.00848303 5 0.0595238 7.01681
H18645 130 0.0648703 11 0.130952 2.01867
H18667 95 0.0474052 12 0.142857 3.01353
H18670 99 0.0494012 13 0.154762 3.13276
H18712 14 0.00698603 7 0.0833333 11.9286
H18713 17 0.00848303 9 0.107143 12.6303
H18714 17 0.00848303 9 0.107143 12.6303
H18740 14 0.00698603 5 0.0595238 8.5204
H18809 19 0.00948104 6 0.0714286 7.53384
H18876 32 0.0159681 6 0.0714286 4.47321
H18912 25 0.012475 5 0.0595238 4.77145
H18929 55 0.0274451 8 0.0952381 3.47013
H19013 42 0.0209581 7 0.0833333 3.97619
H19083 24 0.011976 5 0.0595238 4.97026
H19203 12 0.00598802 5 0.0595238 9.94048
H19208 20 0.00998004 5 0.0595238 5.96428
H19367 119 0.0593812 11 0.130952 2.20528
H19475 58 0.0289421 5 0.0595238 2.05665
H19586 97 0.0484032 9 0.107143 2.21355
H19973 108 0.0538922 10 0.119048 2.209
H19980 94 0.0469062 12 0.142857 3.04559
H20060 40 0.0199601 5 0.0595238 2.98214
H20061 123 0.0613772 13 0.154762 2.52149
H20175 130 0.0648703 12 0.142857 2.20219
H20176 132 0.0658683 12 0.142857 2.16883
H20255 33 0.0164671 6 0.0714286 4.33766
H20256 36 0.0179641 6 0.0714286 3.97619
H20323 91 0.0454092 9 0.107143 2.3595
H20395 23 0.011477 6 0.0714286 6.22363
H20402 46 0.0229541 5 0.0595238 2.59317
H20413 53 0.0264471 8 0.0952381 3.60108
H20414 58 0.0289421 8 0.0952381 3.29064
H20475 46 0.0229541 5 0.0595238 2.59317
H20476 47 0.0234531 5 0.0595238 2.53799
H20504 93 0.0464072 10 0.119048 2.56529
H20505 93 0.0464072 10 0.119048 2.56529
H20506 94 0.0469062 10 0.119048 2.538
H20507 93 0.0464072 10 0.119048 2.56529
H20508 93 0.0464072 12 0.142857 3.07834
H20509 93 0.0464072 12 0.142857 3.07834
H20554 34 0.0169661 5 0.0595238 3.5084
H20603 11 0.00548902 5 0.0595238 10.8442
H20635 82 0.0409182 9 0.107143 2.61847
H20694 39 0.0194611 5 0.0595238 3.0586
H20772 103 0.0513972 11 0.130952 2.54784
H20793 47 0.0234531 5 0.0595238 2.53799
H20884 129 0.0643713 14 0.166667 2.58915
H20948 18 0.00898204 8 0.0952381 10.6032
H20949 18 0.00898204 8 0.0952381 10.6032
H20950 19 0.00948104 9 0.107143 11.3008
H20951 18 0.00898204 8 0.0952381 10.6032
H20952 32 0.0159681 8 0.0952381 5.96427
H20953 32 0.0159681 8 0.0952381 5.96427
H20954 22 0.010978 8 0.0952381 8.67536
H21013 69 0.0344311 6 0.0714286 2.07454
H21071 29 0.0144711 5 0.0595238 4.11329
H21364 51 0.0254491 5 0.0595238 2.33894
H21365 46 0.0229541 5 0.0595238 2.59317
H21387 90 0.0449102 9 0.107143 2.38572
H21449 20 0.00998004 5 0.0595238 5.96428
H21479 8 0.00399202 5 0.0595238 14.9107
H21754 35 0.0174651 5 0.0595238 3.40816
H21914 57 0.0284431 7 0.0833333 2.92982
H22089 125 0.0623752 13 0.154762 2.48115
H22152 38 0.0189621 7 0.0833333 4.39473
H22258 65 0.0324351 6 0.0714286 2.2022
H22260 65 0.0324351 6 0.0714286 2.2022
H22264 15 0.00748503 6 0.0714286 9.54286
H22366 18 0.00898204 5 0.0595238 6.62698
H22452 67 0.0334331 8 0.0952381 2.84862
H22490 14 0.00698603 5 0.0595238 8.5204
H22683 36 0.0179641 5 0.0595238 3.31349
H22684 36 0.0179641 5 0.0595238 3.31349
H22685 36 0.0179641 5 0.0595238 3.31349
H22687 36 0.0179641 5 0.0595238 3.31349
H22688 36 0.0179641 5 0.0595238 3.31349
H22689 36 0.0179641 5 0.0595238 3.31349
H22791 40 0.0199601 5 0.0595238 2.98214
H22792 42 0.0209581 6 0.0714286 3.40816
H22793 44 0.0219561 5 0.0595238 2.71104
H22794 38 0.0189621 5 0.0595238 3.13909
H22795 34 0.0169661 5 0.0595238 3.5084
H22840 24 0.011976 6 0.0714286 5.96431
H22847 41 0.0204591 5 0.0595238 2.9094
H22848 41 0.0204591 5 0.0595238 2.9094
H22867 26 0.0129741 5 0.0595238 4.58789
H22999 14 0.00698603 5 0.0595238 8.5204
H23000 15 0.00748503 5 0.0595238 7.95238
H23015 49 0.0244511 5 0.0595238 2.4344
H23032 23 0.011477 5 0.0595238 5.18636
H23064 47 0.0234531 5 0.0595238 2.53799
H23147 60 0.0299401 6 0.0714286 2.38572
H23151 54 0.0269461 6 0.0714286 2.6508
H23168 37 0.0184631 5 0.0595238 3.22393
H23210 114 0.0568862 10 0.119048 2.09274
H23211 85 0.0424152 8 0.0952381 2.24538
H23221 19 0.00948104 5 0.0595238 6.27819
H23222 45 0.0224551 5 0.0595238 2.65079
H23223 41 0.0204591 5 0.0595238 2.9094
H23224 42 0.0209581 5 0.0595238 2.84013
H23225 41 0.0204591 5 0.0595238 2.9094
H23354 56 0.0279441 5 0.0595238 2.1301
H23395 23 0.011477 5 0.0595238 5.18636
H23494 63 0.0314371 10 0.119048 3.78686
H23541 109 0.0543912 12 0.142857 2.62647
H23934 47 0.0234531 5 0.0595238 2.53799
H23950 103 0.0513972 11 0.130952 2.54784
H24058 54 0.0269461 5 0.0595238 2.20899
H24221 17 0.00848303 9 0.107143 12.6303
H24222 17 0.00848303 9 0.107143 12.6303
H24229 44 0.0219561 5 0.0595238 2.71104
H24261 17 0.00848303 6 0.0714286 8.42018
H24262 20 0.00998004 5 0.0595238 5.96428
H24263 20 0.00998004 5 0.0595238 5.96428
H24712 30 0.0149701 6 0.0714286 4.77142
H24713 30 0.0149701 6 0.0714286 4.77142
H24714 30 0.0149701 6 0.0714286 4.77142
H24715 30 0.0149701 6 0.0714286 4.77142
H24716 30 0.0149701 6 0.0714286 4.77142
H24747 73 0.0364271 9 0.107143 2.9413
H24795 48 0.0239521 5 0.0595238 2.48512
H24818 54 0.0269461 6 0.0714286 2.6508
H24909 13 0.00648703 5 0.0595238 9.17582
H24910 13 0.00648703 5 0.0595238 9.17582
H24911 13 0.00648703 5 0.0595238 9.17582
H24912 13 0.00648703 5 0.0595238 9.17582
H25027 66 0.0329341 6 0.0714286 2.16883
H25176 52 0.0259481 5 0.0595238 2.29396
H25194 41 0.0204591 5 0.0595238 2.9094
H25213 60 0.0299401 6 0.0714286 2.38572
H25469 67 0.0334331 7 0.0833333 2.49254
H25470 82 0.0409182 8 0.0952381 2.32752
H25626 28 0.0139721 5 0.0595238 4.26019
H25627 28 0.0139721 5 0.0595238 4.26019
H25628 28 0.0139721 5 0.0595238 4.26019
H25683 94 0.0469062 9 0.107143 2.2842
H25689 110 0.0548902 10 0.119048 2.16884
H25717 40 0.0199601 5 0.0595238 2.98214
H25794 77 0.0384232 7 0.0833333 2.16883
H25916 144 0.0718563 14 0.166667 2.31945
H25940 93 0.0464072 8 0.0952381 2.05223
H25941 106 0.0528942 10 0.119048 2.25068
H25942 87 0.0434132 8 0.0952381 2.19376
H25966 104 0.0518962 10 0.119048 2.29396
H25967 201 0.100299 18 0.214286 2.13647
H26043 95 0.0474052 8 0.0952381 2.00902
H26321 106 0.0528942 13 0.154762 2.92588
H26420 46 0.0229541 5 0.0595238 2.59317
H26483 51 0.0254491 5 0.0595238 2.33894
H26550 33 0.0164671 5 0.0595238 3.61471
H26693 28 0.0139721 6 0.0714286 5.11223
H26698 41 0.0204591 5 0.0595238 2.9094
H26758 83 0.0414172 8 0.0952381 2.29948
H26792 93 0.0464072 10 0.119048 2.56529
H27020 8 0.00399202 5 0.0595238 14.9107
H27220 47 0.0234531 5 0.0595238 2.53799
H27223 25 0.012475 5 0.0595238 4.77145
H27233 47 0.0234531 5 0.0595238 2.53799
H27326 95 0.0474052 10 0.119048 2.51129
H27375 65 0.0324351 6 0.0714286 2.2022
H27382 33 0.0164671 5 0.0595238 3.61471
H27842 14 0.00698603 5 0.0595238 8.5204
H27928 35 0.0174651 6 0.0714286 4.08979
H27944 68 0.0339321 8 0.0952381 2.80673
H28050 77 0.0384232 7 0.0833333 2.16883
H28105 116 0.0578842 12 0.142857 2.46798
H28349 45 0.0224551 5 0.0595238 2.65079
H28593 107 0.0533932 9 0.107143 2.00668
H28594 107 0.0533932 9 0.107143 2.00668
H28711 22 0.010978 5 0.0595238 5.4221
H28798 49 0.0244511 5 0.0595238 2.4344
H28864 54 0.0269461 5 0.0595238 2.20899
H28865 64 0.0319361 6 0.0714286 2.23661
H28915 38 0.0189621 5 0.0595238 3.13909
H28916 40 0.0199601 5 0.0595238 2.98214
H28921 64 0.0319361 7 0.0833333 2.60938
H28922 60 0.0299401 6 0.0714286 2.38572
H29086 27 0.0134731 6 0.0714286 5.30157
H29212 33 0.0164671 9 0.107143 6.50649
H29213 14 0.00698603 6 0.0714286 10.2245
H29259 5 0.00249501 5 0.0595238 23.8571
H29260 5 0.00249501 5 0.0595238 23.8571
H29417 20 0.00998004 5 0.0595238 5.96428
H29569 55 0.0274451 6 0.0714286 2.6026
H29570 55 0.0274451 6 0.0714286 2.6026
H29571 55 0.0274451 6 0.0714286 2.6026
H29572 54 0.0269461 6 0.0714286 2.6508
H29671 111 0.0553892 10 0.119048 2.1493
H29672 116 0.0578842 10 0.119048 2.05666
H29737 43 0.0214571 7 0.0833333 3.88372
H29954 44 0.0219561 5 0.0595238 2.71104
H29955 44 0.0219561 5 0.0595238 2.71104
H30096 83 0.0414172 7 0.0833333 2.01205
H30249 19 0.00948104 8 0.0952381 10.0451
H30454 29 0.0144711 5 0.0595238 4.11329
H30664 23 0.011477 10 0.119048 10.3727
H30668 33 0.0164671 8 0.0952381 5.78354
H30669 20 0.00998004 8 0.0952381 9.54286
H30674 20 0.00998004 6 0.0714286 7.15715
H30681 20 0.00998004 6 0.0714286 7.15715
H30682 20 0.00998004 6 0.0714286 7.15715
H30683 20 0.00998004 6 0.0714286 7.15715
H30746 87 0.0434132 11 0.130952 3.01641
H30837 54 0.0269461 6 0.0714286 2.6508
H30838 54 0.0269461 6 0.0714286 2.6508
H31023 59 0.0294411 5 0.0595238 2.02179
H31180 59 0.0294411 5 0.0595238 2.02179
H31181 59 0.0294411 5 0.0595238 2.02179
H31182 59 0.0294411 5 0.0595238 2.02179
H31183 59 0.0294411 5 0.0595238 2.02179
H31235 56 0.0279441 6 0.0714286 2.55612
H31236 56 0.0279441 6 0.0714286 2.55612
H31237 56 0.0279441 6 0.0714286 2.55612
H31238 56 0.0279441 6 0.0714286 2.55612
H31249 50 0.0249501 6 0.0714286 2.86286
H31493 34 0.0169661 5 0.0595238 3.5084
H31828 13 0.00648703 5 0.0595238 9.17582
H31996 27 0.0134731 8 0.0952381 7.06876
H31997 29 0.0144711 8 0.0952381 6.58126
H31998 23 0.011477 8 0.0952381 8.29817
H31999 28 0.0139721 8 0.0952381 6.81631
H32113 14 0.00698603 5 0.0595238 8.5204
H32388 29 0.0144711 5 0.0595238 4.11329
H32657 29 0.0144711 5 0.0595238 4.11329
H32707 34 0.0169661 5 0.0595238 3.5084
H32837 59 0.0294411 5 0.0595238 2.02179
H32838 59 0.0294411 5 0.0595238 2.02179
H32964 32 0.0159681 6 0.0714286 4.47321
H33309 14 0.00698603 5 0.0595238 8.5204
H33535 59 0.0294411 5 0.0595238 2.02179
