H00113 135 0.0679758 14 0.137255 2.01917
H00170 36 0.0181269 6 0.0588235 3.24509
H00235 37 0.0186304 10 0.0980392 5.26232
H00257 35 0.0176234 6 0.0588235 3.33781
H00263 40 0.020141 6 0.0588235 2.92058
H00689 37 0.0186304 6 0.0588235 3.15739
H00870 33 0.0166163 6 0.0588235 3.54011
H00912 50 0.0251762 6 0.0588235 2.33647
H00913 50 0.0251762 6 0.0588235 2.33647
H00920 34 0.0171198 6 0.0588235 3.43599
H00921 34 0.0171198 6 0.0588235 3.43599
H00922 34 0.0171198 6 0.0588235 3.43599
H00965 88 0.0443102 14 0.137255 3.09759
H00966 88 0.0443102 14 0.137255 3.09759
H01110 38 0.0191339 6 0.0588235 3.07431
H01162 11 0.00553877 10 0.0980392 17.7005
H01163 11 0.00553877 10 0.0980392 17.7005
H01164 11 0.00553877 10 0.0980392 17.7005
H01165 11 0.00553877 10 0.0980392 17.7005
H01322 39 0.0196375 6 0.0588235 2.99547
H01323 39 0.0196375 6 0.0588235 2.99547
H01324 33 0.0166163 6 0.0588235 3.54011
H01532 101 0.050856 13 0.127451 2.50612
H01592 39 0.0196375 11 0.107843 5.49169
H01622 33 0.0166163 6 0.0588235 3.54011
H01781 41 0.0206445 6 0.0588235 2.84935
H01785 41 0.0206445 6 0.0588235 2.84935
H01807 10 0.00503525 6 0.0588235 11.6823
H01808 10 0.00503525 6 0.0588235 11.6823
H01851 37 0.0186304 6 0.0588235 3.15739
H01899 41 0.0206445 6 0.0588235 2.84935
H02000 41 0.0206445 6 0.0588235 2.84935
H02144 61 0.030715 12 0.117647 3.83028
H02145 71 0.0357503 12 0.117647 3.2908
H02146 92 0.0463243 13 0.127451 2.75128
H02148 107 0.0538771 12 0.117647 2.18362
H02150 71 0.0357503 13 0.127451 3.56503
H02153 66 0.0332326 12 0.117647 3.54011
H02157 68 0.0342397 12 0.117647 3.43598
H02170 39 0.0196375 6 0.0588235 2.99547
H02171 107 0.0538771 12 0.117647 2.18362
H02248 50 0.0251762 6 0.0588235 2.33647
H02253 36 0.0181269 6 0.0588235 3.24509
H02330 33 0.0166163 6 0.0588235 3.54011
H02624 80 0.040282 9 0.0882353 2.19044
H02651 35 0.0176234 6 0.0588235 3.33781
H02652 34 0.0171198 6 0.0588235 3.43599
H02653 34 0.0171198 6 0.0588235 3.43599
H02654 32 0.0161128 6 0.0588235 3.65073
H02672 33 0.0166163 6 0.0588235 3.54011
H02777 12 0.0060423 10 0.0980392 16.2255
H02839 45 0.0226586 6 0.0588235 2.59608
H02840 45 0.0226586 6 0.0588235 2.59608
H02841 45 0.0226586 6 0.0588235 2.59608
H02865 4 0.0020141 6 0.0588235 29.2058
H03121 73 0.0367573 13 0.127451 3.46737
H03124 99 0.0498489 13 0.127451 2.55675
H03125 99 0.0498489 13 0.127451 2.55675
H03126 103 0.051863 13 0.127451 2.45746
H03128 70 0.0352467 13 0.127451 3.61597
H03131 65 0.0327291 8 0.0784314 2.39638
H03138 80 0.040282 12 0.117647 2.92058
H03139 70 0.0352467 12 0.117647 3.33782
H03140 95 0.0478348 12 0.117647 2.45944
H03141 52 0.0261833 12 0.117647 4.49321
H03143 98 0.0493454 14 0.137255 2.78152
H03144 109 0.0548842 17 0.166667 3.0367
H03146 99 0.0498489 13 0.127451 2.55675
H03149 90 0.0453172 13 0.127451 2.81242
H03152 114 0.0574018 12 0.117647 2.04954
H03154 66 0.0332326 12 0.117647 3.54011
H03155 94 0.0473313 14 0.137255 2.89988
H03156 89 0.0448137 13 0.127451 2.84402
H03309 31 0.0156093 6 0.0588235 3.76849
H03333 65 0.0327291 9 0.0882353 2.69593
H03351 52 0.0261833 6 0.0588235 2.2466
H03358 33 0.0166163 6 0.0588235 3.54011
H03372 48 0.0241692 6 0.0588235 2.43382
H03520 32 0.0161128 6 0.0588235 3.65073
H03568 104 0.0523666 14 0.137255 2.62104
H03587 19 0.00956697 18 0.176471 18.4459
H03603 16 0.00805639 12 0.117647 14.6029
H03620 41 0.0206445 6 0.0588235 2.84935
H03653 29 0.0146022 6 0.0588235 4.0284
H03657 41 0.0206445 6 0.0588235 2.84935
H03724 52 0.0261833 6 0.0588235 2.2466
H03769 41 0.0206445 10 0.0980392 4.74893
H03816 37 0.0186304 6 0.0588235 3.15739
H03817 39 0.0196375 6 0.0588235 2.99547
H03827 31 0.0156093 6 0.0588235 3.76849
H04224 145 0.0730111 17 0.166667 2.28276
H04293 49 0.0246727 6 0.0588235 2.38415
H04294 39 0.0196375 6 0.0588235 2.99547
H04468 32 0.0161128 6 0.0588235 3.65073
H04491 10 0.00503525 10 0.0980392 19.4706
H04492 11 0.00553877 10 0.0980392 17.7005
H04493 11 0.00553877 10 0.0980392 17.7005
H04494 9 0.00453172 10 0.0980392 21.634
H04528 11 0.00553877 10 0.0980392 17.7005
H04529 11 0.00553877 10 0.0980392 17.7005
H04578 7 0.00352467 14 0.137255 38.9412
H04579 7 0.00352467 14 0.137255 38.9412
H04580 7 0.00352467 14 0.137255 38.9412
H04661 70 0.0352467 9 0.0882353 2.50336
H04787 144 0.0725076 15 0.147059 2.02819
H04788 141 0.070997 15 0.147059 2.07134
H04789 141 0.070997 15 0.147059 2.07134
H04951 36 0.0181269 6 0.0588235 3.24509
H05039 60 0.0302115 12 0.117647 3.89411
H05278 34 0.0171198 6 0.0588235 3.43599
H05514 40 0.020141 6 0.0588235 2.92058
H05646 36 0.0181269 6 0.0588235 3.24509
H05861 8 0.0040282 11 0.107843 26.772
H05878 41 0.0206445 6 0.0588235 2.84935
H05884 38 0.0191339 6 0.0588235 3.07431
H05936 87 0.0438066 12 0.117647 2.6856
H05939 34 0.0171198 12 0.117647 6.87198
H05942 42 0.021148 9 0.0882353 4.17228
H05978 41 0.0206445 6 0.0588235 2.84935
H05990 43 0.0216516 6 0.0588235 2.71682
H05993 7 0.00352467 12 0.117647 33.3782
H06072 50 0.0251762 6 0.0588235 2.33647
H06073 50 0.0251762 6 0.0588235 2.33647
H06144 16 0.00805639 14 0.137255 17.0368
H06157 11 0.00553877 14 0.137255 24.7808
H06278 31 0.0156093 7 0.0686275 4.39658
H06349 34 0.0171198 6 0.0588235 3.43599
H06370 173 0.0871098 19 0.186275 2.13839
H06371 173 0.0871098 19 0.186275 2.13839
H06372 173 0.0871098 19 0.186275 2.13839
H06373 173 0.0871098 19 0.186275 2.13839
H06374 173 0.0871098 19 0.186275 2.13839
H06435 126 0.0634441 13 0.127451 2.00887
H06505 47 0.0236657 12 0.117647 4.9712
H06529 36 0.0181269 6 0.0588235 3.24509
H06530 27 0.0135952 6 0.0588235 4.32678
H06545 34 0.0171198 6 0.0588235 3.43599
H06612 35 0.0176234 6 0.0588235 3.33781
H06721 39 0.0196375 6 0.0588235 2.99547
H06722 39 0.0196375 6 0.0588235 2.99547
H06747 40 0.020141 6 0.0588235 2.92058
H06779 44 0.0221551 6 0.0588235 2.65508
H06813 10 0.00503525 10 0.0980392 19.4706
H06814 11 0.00553877 10 0.0980392 17.7005
H06815 11 0.00553877 10 0.0980392 17.7005
H06987 33 0.0166163 6 0.0588235 3.54011
H07089 36 0.0181269 6 0.0588235 3.24509
H07091 39 0.0196375 6 0.0588235 2.99547
H07092 39 0.0196375 6 0.0588235 2.99547
H07093 41 0.0206445 6 0.0588235 2.84935
H07094 41 0.0206445 6 0.0588235 2.84935
H07180 31 0.0156093 6 0.0588235 3.76849
H07469 43 0.0216516 6 0.0588235 2.71682
H07604 34 0.0171198 6 0.0588235 3.43599
H07653 11 0.00553877 11 0.107843 19.4706
H07654 11 0.00553877 11 0.107843 19.4706
H07655 10 0.00503525 11 0.107843 21.4176
H07713 39 0.0196375 6 0.0588235 2.99547
H07803 46 0.0231621 7 0.0686275 2.96292
H07842 108 0.0543807 13 0.127451 2.34368
H07844 36 0.0181269 6 0.0588235 3.24509
H07964 43 0.0216516 6 0.0588235 2.71682
H08129 37 0.0186304 6 0.0588235 3.15739
H08216 41 0.0206445 6 0.0588235 2.84935
H08227 31 0.0156093 6 0.0588235 3.76849
H08252 11 0.00553877 10 0.0980392 17.7005
H08253 11 0.00553877 10 0.0980392 17.7005
H08254 11 0.00553877 10 0.0980392 17.7005
H08269 41 0.0206445 6 0.0588235 2.84935
H08296 16 0.00805639 9 0.0882353 10.9522
H08297 15 0.00755287 9 0.0882353 11.6824
H08298 15 0.00755287 9 0.0882353 11.6824
H08398 11 0.00553877 10 0.0980392 17.7005
H08399 10 0.00503525 9 0.0882353 17.5235
H08400 11 0.00553877 10 0.0980392 17.7005
H08401 11 0.00553877 10 0.0980392 17.7005
H08402 11 0.00553877 10 0.0980392 17.7005
H08467 32 0.0161128 6 0.0588235 3.65073
H08623 14 0.00704935 12 0.117647 16.6891
H08624 14 0.00704935 12 0.117647 16.6891
H08706 42 0.021148 6 0.0588235 2.78152
H08749 36 0.0181269 6 0.0588235 3.24509
H08750 36 0.0181269 6 0.0588235 3.24509
H08757 36 0.0181269 6 0.0588235 3.24509
H08802 41 0.0206445 6 0.0588235 2.84935
H08803 41 0.0206445 6 0.0588235 2.84935
H08804 41 0.0206445 6 0.0588235 2.84935
H08805 41 0.0206445 6 0.0588235 2.84935
H08915 45 0.0226586 6 0.0588235 2.59608
H08988 101 0.050856 12 0.117647 2.31334
H08989 101 0.050856 12 0.117647 2.31334
H08990 101 0.050856 12 0.117647 2.31334
H08991 101 0.050856 12 0.117647 2.31334
H08992 101 0.050856 12 0.117647 2.31334
H08993 85 0.0427996 13 0.127451 2.97785
H09007 11 0.00553877 9 0.0882353 15.9305
H09079 41 0.0206445 6 0.0588235 2.84935
H09080 65 0.0327291 7 0.0686275 2.09683
H09113 73 0.0367573 8 0.0784314 2.13376
H09154 43 0.0216516 6 0.0588235 2.71682
H09180 39 0.0196375 6 0.0588235 2.99547
H09204 115 0.0579053 12 0.117647 2.03171
H09295 39 0.0196375 6 0.0588235 2.99547
H09488 34 0.0171198 6 0.0588235 3.43599
H09528 37 0.0186304 6 0.0588235 3.15739
H09529 37 0.0186304 6 0.0588235 3.15739
H09624 86 0.0433031 13 0.127451 2.94323
H09654 67 0.0337362 12 0.117647 3.48726
H09656 91 0.0458207 13 0.127451 2.78152
H09658 106 0.0533736 13 0.127451 2.3879
H09659 92 0.0463243 12 0.117647 2.53964
H10005 110 0.0553877 13 0.127451 2.30107
H10308 7 0.00352467 14 0.137255 38.9412
H10325 37 0.0186304 6 0.0588235 3.15739
H10326 37 0.0186304 6 0.0588235 3.15739
H10340 34 0.0171198 12 0.117647 6.87198
H10350 50 0.0251762 6 0.0588235 2.33647
H10404 37 0.0186304 6 0.0588235 3.15739
H10532 6 0.00302115 6 0.0588235 19.4706
H10616 98 0.0493454 13 0.127451 2.58283
H10617 102 0.0513595 11 0.107843 2.09977
H10618 113 0.0568983 13 0.127451 2.23998
H10622 109 0.0548842 12 0.117647 2.14355
H10657 11 0.00553877 10 0.0980392 17.7005
H10861 11 0.00553877 10 0.0980392 17.7005
H10862 11 0.00553877 10 0.0980392 17.7005
H11182 11 0.00553877 10 0.0980392 17.7005
H11183 11 0.00553877 10 0.0980392 17.7005
H11184 11 0.00553877 10 0.0980392 17.7005
H11185 11 0.00553877 10 0.0980392 17.7005
H11186 11 0.00553877 10 0.0980392 17.7005
H11341 30 0.0151057 6 0.0588235 3.89413
H11361 49 0.0246727 6 0.0588235 2.38415
H11362 43 0.0216516 6 0.0588235 2.71682
H11364 41 0.0206445 6 0.0588235 2.84935
H11365 46 0.0231621 6 0.0588235 2.53964
H11591 38 0.0191339 12 0.117647 6.14862
H11643 25 0.0125881 18 0.176471 14.0189
H11644 23 0.0115811 18 0.176471 15.2378
H11645 25 0.0125881 18 0.176471 14.0189
H11646 23 0.0115811 18 0.176471 15.2378
H11690 41 0.0206445 6 0.0588235 2.84935
H11846 47 0.0236657 6 0.0588235 2.4856
H11847 36 0.0181269 6 0.0588235 3.24509
H11892 11 0.00553877 6 0.0588235 10.6203
H11912 40 0.020141 6 0.0588235 2.92058
H11913 40 0.020141 6 0.0588235 2.92058
H11914 40 0.020141 6 0.0588235 2.92058
H12109 81 0.0407855 11 0.107843 2.64415
H12110 82 0.041289 11 0.107843 2.61191
H12111 82 0.041289 11 0.107843 2.61191
H12112 82 0.041289 11 0.107843 2.61191
H12113 82 0.041289 11 0.107843 2.61191
H12114 82 0.041289 11 0.107843 2.61191
H12115 82 0.041289 11 0.107843 2.61191
H12116 82 0.041289 11 0.107843 2.61191
H12172 48 0.0241692 7 0.0686275 2.83946
H12174 32 0.0161128 12 0.117647 7.30146
H12177 103 0.051863 13 0.127451 2.45746
H12191 85 0.0427996 12 0.117647 2.74879
H12220 54 0.0271903 12 0.117647 4.3268
H12221 106 0.0533736 12 0.117647 2.20422
H12226 50 0.0251762 12 0.117647 4.67295
H12327 49 0.0246727 8 0.0784314 3.17887
H12446 17 0.00855992 7 0.0686275 8.01731
H12531 65 0.0327291 9 0.0882353 2.69593
H12532 66 0.0332326 9 0.0882353 2.65508
H12533 66 0.0332326 9 0.0882353 2.65508
H12534 70 0.0352467 9 0.0882353 2.50336
H12604 39 0.0196375 6 0.0588235 2.99547
H12710 98 0.0493454 13 0.127451 2.58283
H12900 11 0.00553877 10 0.0980392 17.7005
H12901 11 0.00553877 10 0.0980392 17.7005
H13015 38 0.0191339 6 0.0588235 3.07431
H13169 41 0.0206445 6 0.0588235 2.84935
H13315 65 0.0327291 9 0.0882353 2.69593
H13333 35 0.0176234 6 0.0588235 3.33781
H13359 34 0.0171198 6 0.0588235 3.43599
H13426 43 0.0216516 6 0.0588235 2.71682
H13467 35 0.0176234 6 0.0588235 3.33781
H13590 29 0.0146022 8 0.0784314 5.3712
H13600 41 0.0206445 6 0.0588235 2.84935
H13609 38 0.0191339 6 0.0588235 3.07431
H13617 33 0.0166163 6 0.0588235 3.54011
H13665 41 0.0206445 6 0.0588235 2.84935
H13895 40 0.020141 10 0.0980392 4.86764
H13964 35 0.0176234 6 0.0588235 3.33781
H13965 36 0.0181269 6 0.0588235 3.24509
H14077 61 0.030715 12 0.117647 3.83028
H14079 63 0.0317221 12 0.117647 3.70868
H14084 66 0.0332326 12 0.117647 3.54011
H14242 107 0.0538771 13 0.127451 2.36559
H14244 101 0.050856 13 0.127451 2.50612
H14245 115 0.0579053 13 0.127451 2.20102
H14248 56 0.0281974 12 0.117647 4.17226
H14252 69 0.0347432 12 0.117647 3.38619
H14255 96 0.0483384 12 0.117647 2.43382
H14318 44 0.0221551 6 0.0588235 2.65508
H14467 34 0.0171198 6 0.0588235 3.43599
H14504 39 0.0196375 6 0.0588235 2.99547
H14505 38 0.0191339 6 0.0588235 3.07431
H14555 98 0.0493454 12 0.117647 2.38415
H14605 33 0.0166163 6 0.0588235 3.54011
H14775 42 0.021148 6 0.0588235 2.78152
H14827 23 0.0115811 7 0.0686275 5.92582
H14947 34 0.0171198 6 0.0588235 3.43599
H14952 38 0.0191339 6 0.0588235 3.07431
H15041 38 0.0191339 6 0.0588235 3.07431
H15068 41 0.0206445 6 0.0588235 2.84935
H15147 33 0.0166163 6 0.0588235 3.54011
H15205 40 0.020141 6 0.0588235 2.92058
H15254 31 0.0156093 6 0.0588235 3.76849
H15349 130 0.0654582 17 0.166667 2.54616
H15351 132 0.0664653 15 0.147059 2.21257
H15441 12 0.0060423 10 0.0980392 16.2255
H15528 18 0.00906344 7 0.0686275 7.5719
H15689 36 0.0181269 6 0.0588235 3.24509
H15718 89 0.0448137 13 0.127451 2.84402
H15749 74 0.0372608 9 0.0882353 2.36805
H15804 29 0.0146022 6 0.0588235 4.0284
H15865 44 0.0221551 6 0.0588235 2.65508
H15867 38 0.0191339 6 0.0588235 3.07431
H16005 41 0.0206445 6 0.0588235 2.84935
H16019 24 0.0120846 6 0.0588235 4.86764
H16020 24 0.0120846 6 0.0588235 4.86764
H16021 24 0.0120846 6 0.0588235 4.86764
H16072 115 0.0579053 17 0.166667 2.87827
H16073 81 0.0407855 12 0.117647 2.88453
H16078 64 0.0322256 12 0.117647 3.65073
H16086 129 0.0649547 16 0.156863 2.41496
H16087 113 0.0568983 14 0.137255 2.41229
H16090 145 0.0730111 16 0.156863 2.14848
H16091 76 0.0382679 12 0.117647 3.0743
H16101 105 0.0528701 14 0.137255 2.59608
H16103 118 0.0594159 14 0.137255 2.31007
H16104 108 0.0543807 18 0.176471 3.2451
H16113 76 0.0382679 12 0.117647 3.0743
H16125 82 0.041289 12 0.117647 2.84935
H16126 50 0.0251762 12 0.117647 4.67295
H16133 71 0.0357503 12 0.117647 3.2908
H16137 136 0.0684794 14 0.137255 2.00433
H16138 86 0.0433031 9 0.0882353 2.03762
H16168 53 0.0266868 12 0.117647 4.40843
H16169 133 0.0669688 15 0.147059 2.19593
H16264 13 0.00654582 11 0.107843 16.4751
H16294 24 0.0120846 6 0.0588235 4.86764
H16370 66 0.0332326 9 0.0882353 2.65508
H16372 38 0.0191339 11 0.107843 5.63623
H16373 44 0.0221551 11 0.107843 4.86764
H16374 41 0.0206445 11 0.107843 5.22381
H16375 39 0.0196375 11 0.107843 5.49169
H16377 41 0.0206445 11 0.107843 5.22381
H16378 41 0.0206445 11 0.107843 5.22381
H16379 41 0.0206445 11 0.107843 5.22381
H16380 41 0.0206445 11 0.107843 5.22381
H16381 41 0.0206445 11 0.107843 5.22381
H16382 41 0.0206445 11 0.107843 5.22381
H16383 41 0.0206445 11 0.107843 5.22381
H16384 41 0.0206445 11 0.107843 5.22381
H16385 41 0.0206445 11 0.107843 5.22381
H16386 41 0.0206445 11 0.107843 5.22381
H16387 41 0.0206445 11 0.107843 5.22381
H16388 41 0.0206445 11 0.107843 5.22381
H16477 31 0.0156093 6 0.0588235 3.76849
H16524 84 0.0422961 11 0.107843 2.54971
H16587 84 0.0422961 12 0.117647 2.78151
H16588 81 0.0407855 13 0.127451 3.12491
H16590 125 0.0629406 13 0.127451 2.02494
H16591 124 0.0624371 18 0.176471 2.82638
H16612 68 0.0342397 12 0.117647 3.43598
H16613 112 0.0563948 13 0.127451 2.25998
H16619 113 0.0568983 12 0.117647 2.06767
H16625 101 0.050856 12 0.117647 2.31334
H16626 95 0.0478348 13 0.127451 2.6644
H16628 106 0.0533736 13 0.127451 2.3879
H16631 58 0.0292044 12 0.117647 4.0284
H16638 80 0.040282 12 0.117647 2.92058
H16641 107 0.0538771 18 0.176471 3.27544
H16642 132 0.0664653 14 0.137255 2.06506
H16643 106 0.0533736 13 0.127451 2.3879
H16644 90 0.0453172 12 0.117647 2.59608
H16649 116 0.0584089 13 0.127451 2.18205
H16650 85 0.0427996 12 0.117647 2.74879
H16652 57 0.0287009 12 0.117647 4.09907
H16665 36 0.0181269 6 0.0588235 3.24509
H16695 103 0.051863 11 0.107843 2.07938
H16701 53 0.0266868 12 0.117647 4.40843
H16702 56 0.0281974 12 0.117647 4.17226
H16706 120 0.060423 13 0.127451 2.10931
H16732 68 0.0342397 17 0.166667 4.86765
H16733 126 0.0634441 14 0.137255 2.1634
H16735 95 0.0478348 12 0.117647 2.45944
H16737 68 0.0342397 12 0.117647 3.43598
H16740 47 0.0236657 12 0.117647 4.9712
H16875 53 0.0266868 6 0.0588235 2.20422
H16876 53 0.0266868 6 0.0588235 2.20422
H16878 37 0.0186304 6 0.0588235 3.15739
H16912 31 0.0156093 6 0.0588235 3.76849
H17157 40 0.020141 6 0.0588235 2.92058
H17226 11 0.00553877 10 0.0980392 17.7005
H17227 11 0.00553877 10 0.0980392 17.7005
H17228 11 0.00553877 10 0.0980392 17.7005
H17270 42 0.021148 6 0.0588235 2.78152
H17271 41 0.0206445 6 0.0588235 2.84935
H17296 38 0.0191339 6 0.0588235 3.07431
H17297 38 0.0191339 6 0.0588235 3.07431
H17298 38 0.0191339 6 0.0588235 3.07431
H17305 7 0.00352467 14 0.137255 38.9412
H17444 38 0.0191339 6 0.0588235 3.07431
H17714 70 0.0352467 12 0.117647 3.33782
H17718 57 0.0287009 12 0.117647 4.09907
H17721 84 0.0422961 13 0.127451 3.0133
H17722 77 0.0387714 13 0.127451 3.28724
H17723 75 0.0377644 13 0.127451 3.3749
H17729 92 0.0463243 13 0.127451 2.75128
H17730 90 0.0453172 12 0.117647 2.59608
H17731 94 0.0473313 13 0.127451 2.69274
H17734 69 0.0347432 17 0.166667 4.79711
H17736 104 0.0523666 12 0.117647 2.2466
H17737 69 0.0347432 12 0.117647 3.38619
H17738 71 0.0357503 12 0.117647 3.2908
H17766 38 0.0191339 6 0.0588235 3.07431
H17769 37 0.0186304 6 0.0588235 3.15739
H17770 39 0.0196375 6 0.0588235 2.99547
H17773 31 0.0156093 6 0.0588235 3.76849
H17809 33 0.0166163 6 0.0588235 3.54011
H17868 41 0.0206445 6 0.0588235 2.84935
H17881 31 0.0156093 6 0.0588235 3.76849
H17882 31 0.0156093 6 0.0588235 3.76849
H17883 31 0.0156093 6 0.0588235 3.76849
H17942 47 0.0236657 11 0.107843 4.55693
H17943 41 0.0206445 11 0.107843 5.22381
H18010 31 0.0156093 6 0.0588235 3.76849
H18011 31 0.0156093 6 0.0588235 3.76849
H18028 40 0.020141 6 0.0588235 2.92058
H18040 41 0.0206445 6 0.0588235 2.84935
H18045 36 0.0181269 6 0.0588235 3.24509
H18046 35 0.0176234 6 0.0588235 3.33781
H18125 110 0.0553877 12 0.117647 2.12406
H18179 15 0.00755287 11 0.107843 14.2784
H18210 13 0.00654582 9 0.0882353 13.4796
H18320 58 0.0292044 9 0.0882353 3.0213
H18420 42 0.021148 9 0.0882353 4.17228
H18599 31 0.0156093 6 0.0588235 3.76849
H18642 44 0.0221551 6 0.0588235 2.65508
H18643 44 0.0221551 6 0.0588235 2.65508
H18653 9 0.00453172 9 0.0882353 19.4706
H18654 9 0.00453172 8 0.0784314 17.3072
H18662 53 0.0266868 12 0.117647 4.40843
H18665 89 0.0448137 12 0.117647 2.62525
H18667 95 0.0478348 12 0.117647 2.45944
H18668 60 0.0302115 12 0.117647 3.89411
H18670 100 0.0503525 12 0.117647 2.33647
H18671 67 0.0337362 12 0.117647 3.48726
H18672 85 0.0427996 12 0.117647 2.74879
H18673 79 0.0397784 12 0.117647 2.95756
H18674 86 0.0433031 13 0.127451 2.94323
H18675 71 0.0357503 12 0.117647 3.2908
H18757 7 0.00352467 14 0.137255 38.9412
H18904 116 0.0584089 15 0.147059 2.51775
H18912 24 0.0120846 6 0.0588235 4.86764
H18976 43 0.0216516 6 0.0588235 2.71682
H18979 38 0.0191339 6 0.0588235 3.07431
H18988 34 0.0171198 6 0.0588235 3.43599
H19083 23 0.0115811 6 0.0588235 5.07927
H19153 7 0.00352467 14 0.137255 38.9412
H19208 17 0.00855992 8 0.0784314 9.16263
H19314 38 0.0191339 6 0.0588235 3.07431
H19357 37 0.0186304 6 0.0588235 3.15739
H19443 37 0.0186304 6 0.0588235 3.15739
H19586 93 0.0468278 13 0.127451 2.7217
H19587 84 0.0422961 13 0.127451 3.0133
H19622 41 0.0206445 6 0.0588235 2.84935
H19701 42 0.021148 6 0.0588235 2.78152
H19830 37 0.0186304 6 0.0588235 3.15739
H19907 9 0.00453172 14 0.137255 30.2876
H19965 61 0.030715 11 0.107843 3.51109
H19971 72 0.0362538 12 0.117647 3.24509
H19973 105 0.0528701 13 0.127451 2.41064
H19976 98 0.0493454 13 0.127451 2.58283
H19979 77 0.0387714 12 0.117647 3.03438
H19980 94 0.0473313 12 0.117647 2.48561
H19981 89 0.0448137 13 0.127451 2.84402
H19982 50 0.0251762 12 0.117647 4.67295
H20000 19 0.00956697 8 0.0784314 8.19814
H20011 76 0.0382679 12 0.117647 3.0743
H20045 36 0.0181269 12 0.117647 6.49019
H20056 38 0.0191339 6 0.0588235 3.07431
H20059 89 0.0448137 12 0.117647 2.62525
H20060 34 0.0171198 11 0.107843 6.29931
H20061 122 0.06143 14 0.137255 2.23433
H20135 36 0.0181269 6 0.0588235 3.24509
H20247 37 0.0186304 6 0.0588235 3.15739
H20350 20 0.0100705 10 0.0980392 9.73529
H20351 18 0.00906344 10 0.0980392 10.817
H20352 18 0.00906344 10 0.0980392 10.817
H20353 18 0.00906344 10 0.0980392 10.817
H20629 34 0.0171198 6 0.0588235 3.43599
H20635 77 0.0387714 14 0.137255 3.54011
H20636 39 0.0196375 6 0.0588235 2.99547
H20637 43 0.0216516 6 0.0588235 2.71682
H20642 32 0.0161128 6 0.0588235 3.65073
H20884 128 0.0644512 15 0.147059 2.28171
H20909 45 0.0226586 11 0.107843 4.75947
H21164 38 0.0191339 6 0.0588235 3.07431
H21278 33 0.0166163 10 0.0980392 5.90018
H21297 7 0.00352467 14 0.137255 38.9412
H21298 7 0.00352467 14 0.137255 38.9412
H21299 7 0.00352467 14 0.137255 38.9412
H21621 38 0.0191339 6 0.0588235 3.07431
H21728 11 0.00553877 10 0.0980392 17.7005
H21729 11 0.00553877 10 0.0980392 17.7005
H21783 35 0.0176234 6 0.0588235 3.33781
H21845 38 0.0191339 6 0.0588235 3.07431
H21950 37 0.0186304 6 0.0588235 3.15739
H21988 38 0.0191339 6 0.0588235 3.07431
H21989 38 0.0191339 6 0.0588235 3.07431
H22066 118 0.0594159 18 0.176471 2.9701
H22124 37 0.0186304 6 0.0588235 3.15739
H22153 49 0.0246727 6 0.0588235 2.38415
H22252 7 0.00352467 14 0.137255 38.9412
H22253 7 0.00352467 14 0.137255 38.9412
H22254 7 0.00352467 14 0.137255 38.9412
H22255 7 0.00352467 14 0.137255 38.9412
H22273 49 0.0246727 6 0.0588235 2.38415
H22520 37 0.0186304 6 0.0588235 3.15739
H22727 42 0.021148 10 0.0980392 4.63586
H22728 42 0.021148 10 0.0980392 4.63586
H22786 35 0.0176234 6 0.0588235 3.33781
H22787 35 0.0176234 6 0.0588235 3.33781
H22797 35 0.0176234 6 0.0588235 3.33781
H22811 34 0.0171198 6 0.0588235 3.43599
H22898 41 0.0206445 6 0.0588235 2.84935
H22994 31 0.0156093 6 0.0588235 3.76849
H23127 48 0.0241692 6 0.0588235 2.43382
H23161 7 0.00352467 12 0.117647 33.3782
H23162 8 0.0040282 12 0.117647 29.2058
H23163 8 0.0040282 12 0.117647 29.2058
H23179 31 0.0156093 6 0.0588235 3.76849
H23180 31 0.0156093 6 0.0588235 3.76849
H23185 41 0.0206445 6 0.0588235 2.84935
H23202 96 0.0483384 13 0.127451 2.63664
H23206 100 0.0503525 13 0.127451 2.53118
H23207 76 0.0382679 12 0.117647 3.0743
H23208 33 0.0166163 12 0.117647 7.08022
H23210 111 0.0558912 13 0.127451 2.28034
H23211 80 0.040282 13 0.127451 3.16397
H23212 112 0.0563948 13 0.127451 2.25998
H23287 46 0.0231621 6 0.0588235 2.53964
H23494 60 0.0302115 13 0.127451 4.21863
H23500 7 0.00352467 12 0.117647 33.3782
H23501 6 0.00302115 14 0.137255 45.4314
H23504 6 0.00302115 14 0.137255 45.4314
H23505 6 0.00302115 14 0.137255 45.4314
H23506 7 0.00352467 12 0.117647 33.3782
H23596 26 0.0130916 8 0.0784314 5.99097
H23635 27 0.0135952 8 0.0784314 5.76905
H23650 27 0.0135952 8 0.0784314 5.76905
H23651 24 0.0120846 8 0.0784314 6.49019
H23733 36 0.0181269 6 0.0588235 3.24509
H23741 41 0.0206445 6 0.0588235 2.84935
H23753 9 0.00453172 12 0.117647 25.9608
H23833 7 0.00352467 14 0.137255 38.9412
H23834 13 0.00654582 14 0.137255 20.9683
H23947 20 0.0100705 14 0.137255 13.6294
H23965 41 0.0206445 6 0.0588235 2.84935
H24058 53 0.0266868 6 0.0588235 2.20422
H24135 34 0.0171198 6 0.0588235 3.43599
H24266 41 0.0206445 6 0.0588235 2.84935
H24314 42 0.021148 6 0.0588235 2.78152
H24316 35 0.0176234 6 0.0588235 3.33781
H24364 35 0.0176234 6 0.0588235 3.33781
H24387 71 0.0357503 12 0.117647 3.2908
H24388 68 0.0342397 12 0.117647 3.43598
H24807 15 0.00755287 11 0.107843 14.2784
H24848 10 0.00503525 6 0.0588235 11.6823
H25021 34 0.0171198 6 0.0588235 3.43599
H25154 7 0.00352467 14 0.137255 38.9412
H25263 35 0.0176234 6 0.0588235 3.33781
H25295 10 0.00503525 12 0.117647 23.3647
H25296 10 0.00503525 12 0.117647 23.3647
H25297 10 0.00503525 12 0.117647 23.3647
H25298 10 0.00503525 12 0.117647 23.3647
H25313 74 0.0372608 12 0.117647 3.15739
H25375 41 0.0206445 6 0.0588235 2.84935
H25421 39 0.0196375 6 0.0588235 2.99547
H25550 10 0.00503525 6 0.0588235 11.6823
H25560 51 0.0256798 6 0.0588235 2.29065
H25650 39 0.0196375 6 0.0588235 2.99547
H25683 90 0.0453172 13 0.127451 2.81242
H25686 36 0.0181269 12 0.117647 6.49019
H25689 107 0.0538771 13 0.127451 2.36559
H25690 83 0.0417925 12 0.117647 2.81503
H25730 37 0.0186304 6 0.0588235 3.15739
H25741 11 0.00553877 10 0.0980392 17.7005
H25742 11 0.00553877 10 0.0980392 17.7005
H25743 11 0.00553877 10 0.0980392 17.7005
H25744 11 0.00553877 10 0.0980392 17.7005
H25794 76 0.0382679 8 0.0784314 2.04953
H25846 39 0.0196375 6 0.0588235 2.99547
H25894 37 0.0186304 6 0.0588235 3.15739
H25895 34 0.0171198 6 0.0588235 3.43599
H25896 36 0.0181269 6 0.0588235 3.24509
H25938 100 0.0503525 13 0.127451 2.53118
H25939 88 0.0443102 12 0.117647 2.65508
H25940 88 0.0443102 13 0.127451 2.87634
H25942 82 0.041289 13 0.127451 3.0868
H25968 83 0.0417925 12 0.117647 2.81503
H26043 89 0.0448137 14 0.137255 3.06279
H26047 11 0.00553877 10 0.0980392 17.7005
H26048 11 0.00553877 10 0.0980392 17.7005
H26049 11 0.00553877 10 0.0980392 17.7005
H26057 40 0.020141 6 0.0588235 2.92058
H26256 38 0.0191339 6 0.0588235 3.07431
H26257 42 0.021148 6 0.0588235 2.78152
H26265 6 0.00302115 11 0.107843 35.696
H26279 44 0.0221551 6 0.0588235 2.65508
H26290 32 0.0161128 6 0.0588235 3.65073
H26576 45 0.0226586 6 0.0588235 2.59608
H26577 49 0.0246727 6 0.0588235 2.38415
H26579 45 0.0226586 6 0.0588235 2.59608
H26580 49 0.0246727 6 0.0588235 2.38415
H26595 48 0.0241692 6 0.0588235 2.43382
H26596 45 0.0226586 6 0.0588235 2.59608
H26597 45 0.0226586 6 0.0588235 2.59608
H26599 46 0.0231621 6 0.0588235 2.53964
H26604 47 0.0236657 6 0.0588235 2.4856
H26610 31 0.0156093 6 0.0588235 3.76849
H26614 41 0.0206445 6 0.0588235 2.84935
H26617 39 0.0196375 6 0.0588235 2.99547
H26618 38 0.0191339 6 0.0588235 3.07431
H26720 126 0.0634441 13 0.127451 2.00887
H26874 41 0.0206445 11 0.107843 5.22381
H26945 8 0.0040282 12 0.117647 29.2058
H26946 8 0.0040282 12 0.117647 29.2058
H27010 45 0.0226586 6 0.0588235 2.59608
H27032 44 0.0221551 6 0.0588235 2.65508
H27034 40 0.020141 6 0.0588235 2.92058
H27035 44 0.0221551 6 0.0588235 2.65508
H27038 44 0.0221551 6 0.0588235 2.65508
H27039 45 0.0226586 6 0.0588235 2.59608
H27040 40 0.020141 6 0.0588235 2.92058
H27041 45 0.0226586 6 0.0588235 2.59608
H27147 43 0.0216516 6 0.0588235 2.71682
H27193 39 0.0196375 6 0.0588235 2.99547
H27378 42 0.021148 6 0.0588235 2.78152
H27407 34 0.0171198 6 0.0588235 3.43599
H27408 33 0.0166163 6 0.0588235 3.54011
H27535 19 0.00956697 6 0.0588235 6.1486
H27607 36 0.0181269 6 0.0588235 3.24509
H27608 36 0.0181269 6 0.0588235 3.24509
H27705 41 0.0206445 6 0.0588235 2.84935
H27835 23 0.0115811 8 0.0784314 6.77236
H27944 67 0.0337362 9 0.0882353 2.61545
H28035 36 0.0181269 6 0.0588235 3.24509
H28087 17 0.00855992 12 0.117647 13.7439
H28088 14 0.00704935 12 0.117647 16.6891
H28089 14 0.00704935 12 0.117647 16.6891
H28168 30 0.0151057 6 0.0588235 3.89413
H28191 63 0.0317221 9 0.0882353 2.78151
H28204 40 0.020141 6 0.0588235 2.92058
H28206 36 0.0181269 6 0.0588235 3.24509
H28209 21 0.010574 12 0.117647 11.1261
H28258 41 0.0206445 6 0.0588235 2.84935
H28358 41 0.0206445 6 0.0588235 2.84935
H28517 11 0.00553877 10 0.0980392 17.7005
H28518 11 0.00553877 10 0.0980392 17.7005
H28519 11 0.00553877 10 0.0980392 17.7005
H28520 11 0.00553877 10 0.0980392 17.7005
H28521 11 0.00553877 10 0.0980392 17.7005
H28522 11 0.00553877 10 0.0980392 17.7005
H28523 11 0.00553877 10 0.0980392 17.7005
H28524 11 0.00553877 10 0.0980392 17.7005
H28525 11 0.00553877 10 0.0980392 17.7005
H28526 11 0.00553877 10 0.0980392 17.7005
H28527 11 0.00553877 10 0.0980392 17.7005
H28528 11 0.00553877 10 0.0980392 17.7005
H28529 11 0.00553877 10 0.0980392 17.7005
H28530 11 0.00553877 10 0.0980392 17.7005
H28531 11 0.00553877 10 0.0980392 17.7005
H28532 11 0.00553877 10 0.0980392 17.7005
H28533 11 0.00553877 10 0.0980392 17.7005
H28534 11 0.00553877 10 0.0980392 17.7005
H28535 11 0.00553877 10 0.0980392 17.7005
H28536 11 0.00553877 10 0.0980392 17.7005
H28571 34 0.0171198 6 0.0588235 3.43599
H28715 49 0.0246727 6 0.0588235 2.38415
H28786 35 0.0176234 6 0.0588235 3.33781
H28797 33 0.0166163 6 0.0588235 3.54011
H28798 48 0.0241692 6 0.0588235 2.43382
H29012 7 0.00352467 12 0.117647 33.3782
H29040 32 0.0161128 6 0.0588235 3.65073
H29513 35 0.0176234 6 0.0588235 3.33781
H29793 34 0.0171198 6 0.0588235 3.43599
H30466 115 0.0579053 12 0.117647 2.03171
H30501 23 0.0115811 7 0.0686275 5.92582
H30514 41 0.0206445 6 0.0588235 2.84935
H30716 36 0.0181269 6 0.0588235 3.24509
H30717 41 0.0206445 6 0.0588235 2.84935
H30750 51 0.0256798 6 0.0588235 2.29065
H30892 37 0.0186304 6 0.0588235 3.15739
H30918 26 0.0130916 6 0.0588235 4.49322
H30923 26 0.0130916 6 0.0588235 4.49322
H31222 35 0.0176234 6 0.0588235 3.33781
H31269 40 0.020141 6 0.0588235 2.92058
H31290 30 0.0151057 6 0.0588235 3.89413
H31392 37 0.0186304 6 0.0588235 3.15739
H31441 32 0.0161128 6 0.0588235 3.65073
H31443 41 0.0206445 6 0.0588235 2.84935
H31560 24 0.0120846 6 0.0588235 4.86764
H31682 30 0.0151057 6 0.0588235 3.89413
H31721 41 0.0206445 6 0.0588235 2.84935
H31856 82 0.041289 12 0.117647 2.84935
H31931 37 0.0186304 6 0.0588235 3.15739
H32147 39 0.0196375 6 0.0588235 2.99547
H32236 39 0.0196375 6 0.0588235 2.99547
H32293 41 0.0206445 6 0.0588235 2.84935
H32294 36 0.0181269 6 0.0588235 3.24509
H32322 39 0.0196375 6 0.0588235 2.99547
H32343 40 0.020141 6 0.0588235 2.92058
H32345 38 0.0191339 6 0.0588235 3.07431
H32364 42 0.021148 6 0.0588235 2.78152
H32370 35 0.0176234 6 0.0588235 3.33781
H32384 36 0.0181269 6 0.0588235 3.24509
H32399 38 0.0191339 6 0.0588235 3.07431
H32411 36 0.0181269 6 0.0588235 3.24509
H32414 37 0.0186304 6 0.0588235 3.15739
H32475 38 0.0191339 6 0.0588235 3.07431
H32484 37 0.0186304 6 0.0588235 3.15739
H32500 43 0.0216516 6 0.0588235 2.71682
H32516 45 0.0226586 6 0.0588235 2.59608
H32522 43 0.0216516 6 0.0588235 2.71682
H32526 32 0.0161128 6 0.0588235 3.65073
H32586 37 0.0186304 6 0.0588235 3.15739
H32632 41 0.0206445 6 0.0588235 2.84935
H32769 38 0.0191339 6 0.0588235 3.07431
H32855 40 0.020141 6 0.0588235 2.92058
H32891 48 0.0241692 6 0.0588235 2.43382
H33149 37 0.0186304 6 0.0588235 3.15739
H33187 46 0.0231621 6 0.0588235 2.53964
H33222 41 0.0206445 6 0.0588235 2.84935
H33246 48 0.0241692 6 0.0588235 2.43382
H33358 39 0.0196375 6 0.0588235 2.99547
H33445 40 0.020141 6 0.0588235 2.92058
H33514 36 0.0181269 6 0.0588235 3.24509
H33515 41 0.0206445 6 0.0588235 2.84935
H33586 38 0.0191339 6 0.0588235 3.07431
H33590 26 0.0130916 7 0.0686275 5.2421
H33600 33 0.0166163 6 0.0588235 3.54011
