H00004 127 0.0633101 12 0.146341 2.3115
H00005 129 0.0643071 12 0.146341 2.27566
H00038 27 0.0134596 6 0.0731707 5.43632
H00125 32 0.0159521 10 0.121951 7.64482
H00127 64 0.0319043 9 0.109756 3.44016
H00169 24 0.0119641 6 0.0731707 6.11585
H00170 37 0.0184447 5 0.0609756 3.30586
H00185 42 0.0209372 6 0.0731707 3.49477
H00208 67 0.0333998 6 0.0731707 2.19075
H00236 73 0.0363908 6 0.0731707 2.01069
H00303 67 0.0333998 12 0.146341 4.38149
H00327 11 0.00548355 5 0.0609756 11.1197
H00443 10 0.00498504 5 0.0609756 12.2317
H00500 39 0.0194417 6 0.0731707 3.7636
H00501 26 0.0129611 5 0.0609756 4.70451
H00511 71 0.0353938 6 0.0731707 2.06733
H00565 11 0.00548355 5 0.0609756 11.1197
H00566 67 0.0333998 6 0.0731707 2.19075
H00567 70 0.0348953 6 0.0731707 2.09686
H00572 10 0.00498504 5 0.0609756 12.2317
H00573 10 0.00498504 5 0.0609756 12.2317
H00574 10 0.00498504 5 0.0609756 12.2317
H00595 100 0.0498504 12 0.146341 2.9356
H00596 100 0.0498504 12 0.146341 2.9356
H00597 100 0.0498504 12 0.146341 2.9356
H00598 100 0.0498504 12 0.146341 2.9356
H00647 42 0.0209372 6 0.0731707 3.49477
H00662 16 0.00797607 5 0.0609756 7.64482
H00695 73 0.0363908 6 0.0731707 2.01069
H00765 13 0.00648056 5 0.0609756 9.409
H00766 24 0.0119641 5 0.0609756 5.09655
H00825 32 0.0159521 5 0.0609756 3.82242
H00854 48 0.0239282 6 0.0731707 3.05793
H00881 14 0.00697906 5 0.0609756 8.73694
H00884 106 0.0528415 12 0.146341 2.76943
H00923 27 0.0134596 5 0.0609756 4.53027
H01001 31 0.0154536 5 0.0609756 3.94572
H01002 29 0.0144566 5 0.0609756 4.21784
H01027 25 0.0124626 6 0.0731707 5.87122
H01028 27 0.0134596 6 0.0731707 5.43632
H01029 14 0.00697906 6 0.0731707 10.4843
H01030 12 0.00598205 5 0.0609756 10.1931
H01031 33 0.0164506 9 0.109756 6.67185
H01032 36 0.0179462 10 0.121951 6.79537
H01075 18 0.00897308 5 0.0609756 6.79539
H01136 65 0.0324028 6 0.0731707 2.25816
H01147 45 0.0224327 6 0.0731707 3.26179
H01148 36 0.0179462 5 0.0609756 3.39769
H01212 108 0.0538385 9 0.109756 2.03862
H01221 16 0.00797607 5 0.0609756 7.64482
H01223 14 0.00697906 5 0.0609756 8.73694
H01245 32 0.0159521 5 0.0609756 3.82242
H01257 95 0.0473579 10 0.121951 2.57509
H01258 63 0.0314058 11 0.134146 4.27138
H01261 117 0.058325 11 0.134146 2.29997
H01281 83 0.0413759 11 0.134146 3.24213
H01356 39 0.0194417 5 0.0609756 3.13633
H01417 94 0.0468594 8 0.097561 2.08199
H01465 51 0.0254237 5 0.0609756 2.39838
H01510 69 0.0343968 11 0.134146 3.89996
H01532 101 0.050349 13 0.158537 3.14876
H01533 82 0.0408774 7 0.0853659 2.08834
H01713 59 0.0294118 6 0.0731707 2.4878
H01765 42 0.0209372 9 0.109756 5.24215
H01774 67 0.0333998 6 0.0731707 2.19075
H01820 6 0.00299103 5 0.0609756 20.3862
H01821 17 0.00847458 7 0.0853659 10.0732
H01822 12 0.00598205 5 0.0609756 10.1931
H01823 6 0.00299103 5 0.0609756 20.3862
H01929 14 0.00697906 5 0.0609756 8.73694
H01950 26 0.0129611 5 0.0609756 4.70451
H02092 43 0.0214357 6 0.0731707 3.4135
H02093 42 0.0209372 5 0.0609756 2.91231
H02107 15 0.00747757 5 0.0609756 8.15447
H02109 15 0.00747757 5 0.0609756 8.15447
H02110 15 0.00747757 5 0.0609756 8.15447
H02144 63 0.0314058 10 0.121951 3.88307
H02145 73 0.0363908 10 0.121951 3.35115
H02146 95 0.0473579 10 0.121951 2.57509
H02147 116 0.0578265 10 0.121951 2.10891
H02148 109 0.054337 10 0.121951 2.24435
H02150 75 0.0373878 9 0.109756 2.93561
H02153 72 0.0358923 6 0.0731707 2.03862
H02154 24 0.0119641 5 0.0609756 5.09655
H02155 139 0.0692921 12 0.146341 2.11194
H02157 72 0.0358923 8 0.097561 2.71816
H02171 104 0.0518445 15 0.182927 3.52838
H02172 87 0.0433699 14 0.170732 3.93665
H02173 125 0.0623131 14 0.170732 2.73991
H02181 25 0.0124626 6 0.0731707 5.87122
H02194 17 0.00847458 5 0.0609756 7.19512
H02205 29 0.0144566 8 0.097561 6.74854
H02222 71 0.0353938 6 0.0731707 2.06733
H02255 37 0.0184447 8 0.097561 5.28938
H02256 38 0.0189432 8 0.097561 5.15019
H02257 38 0.0189432 8 0.097561 5.15019
H02258 38 0.0189432 8 0.097561 5.15019
H02259 39 0.0194417 8 0.097561 5.01813
H02260 35 0.0174477 8 0.097561 5.59163
H02261 38 0.0189432 8 0.097561 5.15019
H02262 36 0.0179462 8 0.097561 5.4363
H02263 38 0.0189432 8 0.097561 5.15019
H02264 37 0.0184447 8 0.097561 5.28938
H02265 36 0.0179462 8 0.097561 5.4363
H02266 34 0.0169492 8 0.097561 5.75608
H02267 37 0.0184447 8 0.097561 5.28938
H02268 34 0.0169492 8 0.097561 5.75608
H02269 37 0.0184447 8 0.097561 5.28938
H02334 35 0.0174477 5 0.0609756 3.49476
H02369 23 0.0114656 5 0.0609756 5.31813
H02376 9 0.00448654 5 0.0609756 13.5908
H02377 9 0.00448654 5 0.0609756 13.5908
H02428 63 0.0314058 6 0.0731707 2.32985
H02473 73 0.0363908 6 0.0731707 2.01069
H02618 94 0.0468594 9 0.109756 2.34224
H02645 80 0.0398804 9 0.109756 2.75213
H02646 78 0.0388833 9 0.109756 2.8227
H02664 35 0.0174477 5 0.0609756 3.49476
H02684 12 0.00598205 5 0.0609756 10.1931
H02711 48 0.0239282 5 0.0609756 2.54827
H02712 48 0.0239282 5 0.0609756 2.54827
H03024 14 0.00697906 5 0.0609756 8.73694
H03117 88 0.0438684 11 0.134146 3.05792
H03120 112 0.0558325 11 0.134146 2.40265
H03121 75 0.0373878 11 0.134146 3.58796
H03124 97 0.0483549 15 0.182927 3.78301
H03125 99 0.0493519 13 0.158537 3.21238
H03126 104 0.0518445 12 0.146341 2.82269
H03128 72 0.0358923 11 0.134146 3.73746
H03129 110 0.0548355 11 0.134146 2.44633
H03131 67 0.0333998 6 0.0731707 2.19075
H03133 104 0.0518445 11 0.134146 2.58747
H03134 108 0.0538385 11 0.134146 2.49164
H03135 30 0.0149551 7 0.0853659 5.70815
H03138 85 0.0423729 7 0.0853659 2.01463
H03139 69 0.0343968 13 0.158537 4.60906
H03140 93 0.0463609 14 0.170732 3.68267
H03141 59 0.0294118 5 0.0609756 2.07317
H03142 107 0.05334 12 0.146341 2.74355
H03143 103 0.051346 9 0.109756 2.13758
H03146 99 0.0493519 13 0.158537 3.21238
H03147 135 0.0672981 12 0.146341 2.17452
H03149 91 0.0453639 12 0.146341 3.22594
H03150 88 0.0438684 13 0.158537 3.61392
H03151 139 0.0692921 13 0.158537 2.28795
H03152 110 0.0548355 16 0.195122 3.55832
H03154 67 0.0333998 11 0.134146 4.01637
H03156 89 0.0443669 13 0.158537 3.57332
H03201 51 0.0254237 5 0.0609756 2.39838
H03228 72 0.0358923 6 0.0731707 2.03862
H03229 72 0.0358923 6 0.0731707 2.03862
H03247 34 0.0169492 7 0.0853659 5.03657
H03260 45 0.0224327 7 0.0853659 3.80542
H03334 38 0.0189432 6 0.0731707 3.86264
H03374 9 0.00448654 5 0.0609756 13.5908
H03411 16 0.00797607 5 0.0609756 7.64482
H03424 46 0.0229312 12 0.146341 6.38174
H03446 20 0.00997009 6 0.0731707 7.33902
H03459 14 0.00697906 5 0.0609756 8.73694
H03460 14 0.00697906 5 0.0609756 8.73694
H03461 13 0.00648056 5 0.0609756 9.409
H03486 10 0.00498504 5 0.0609756 12.2317
H03490 85 0.0423729 12 0.146341 3.45365
H03491 86 0.0428714 12 0.146341 3.41349
H03492 85 0.0423729 12 0.146341 3.45365
H03493 86 0.0428714 12 0.146341 3.41349
H03494 10 0.00498504 5 0.0609756 12.2317
H03497 107 0.05334 12 0.146341 2.74355
H03505 46 0.0229312 6 0.0731707 3.19088
H03506 46 0.0229312 6 0.0731707 3.19088
H03580 81 0.0403789 7 0.0853659 2.11412
H03674 106 0.0528415 9 0.109756 2.07708
H03680 139 0.0692921 12 0.146341 2.11194
H03769 45 0.0224327 6 0.0731707 3.26179
H03770 31 0.0154536 6 0.0731707 4.73486
H03818 28 0.0139581 5 0.0609756 4.36847
H03819 28 0.0139581 5 0.0609756 4.36847
H03822 25 0.0124626 5 0.0609756 4.89269
H03823 25 0.0124626 5 0.0609756 4.89269
H03824 25 0.0124626 5 0.0609756 4.89269
H03835 52 0.0259222 7 0.0853659 3.29316
H03864 21 0.0104686 5 0.0609756 5.82462
H03939 51 0.0254237 9 0.109756 4.31707
H03955 13 0.00648056 5 0.0609756 9.409
H04000 9 0.00448654 5 0.0609756 13.5908
H04001 8 0.00398804 5 0.0609756 15.2896
H04002 8 0.00398804 5 0.0609756 15.2896
H04055 34 0.0169492 6 0.0731707 4.31706
H04066 30 0.0149551 11 0.134146 8.96992
H04082 14 0.00697906 5 0.0609756 8.73694
H04115 86 0.0428714 10 0.121951 2.84458
H04133 23 0.0114656 8 0.097561 8.50902
H04150 97 0.0483549 13 0.158537 3.27861
H04185 9 0.00448654 5 0.0609756 13.5908
H04193 103 0.051346 12 0.146341 2.8501
H04194 107 0.05334 13 0.158537 2.9722
H04195 99 0.0493519 9 0.109756 2.22395
H04196 103 0.051346 10 0.121951 2.37508
H04205 40 0.0199402 5 0.0609756 3.05792
H04256 9 0.00448654 5 0.0609756 13.5908
H04257 9 0.00448654 5 0.0609756 13.5908
H04283 11 0.00548355 5 0.0609756 11.1197
H04328 13 0.00648056 5 0.0609756 9.409
H04329 13 0.00648056 5 0.0609756 9.409
H04330 12 0.00598205 5 0.0609756 10.1931
H04331 13 0.00648056 5 0.0609756 9.409
H04332 11 0.00548355 5 0.0609756 11.1197
H04333 11 0.00548355 5 0.0609756 11.1197
H04352 92 0.0458624 8 0.097561 2.12725
H04392 13 0.00648056 5 0.0609756 9.409
H04393 40 0.0199402 5 0.0609756 3.05792
H04417 11 0.00548355 5 0.0609756 11.1197
H04418 11 0.00548355 5 0.0609756 11.1197
H04419 11 0.00548355 5 0.0609756 11.1197
H04446 13 0.00648056 5 0.0609756 9.409
H04447 13 0.00648056 5 0.0609756 9.409
H04460 33 0.0164506 5 0.0609756 3.70659
H04461 39 0.0194417 6 0.0731707 3.7636
H04466 13 0.00648056 7 0.0853659 13.1726
H04467 13 0.00648056 7 0.0853659 13.1726
H04511 89 0.0443669 8 0.097561 2.19896
H04594 121 0.060319 12 0.146341 2.42612
H04667 13 0.00648056 5 0.0609756 9.409
H04698 102 0.0508475 10 0.121951 2.39837
H04699 104 0.0518445 10 0.121951 2.35225
H04712 30 0.0149551 6 0.0731707 4.89269
H04713 30 0.0149551 6 0.0731707 4.89269
H04716 42 0.0209372 6 0.0731707 3.49477
H04727 65 0.0324028 7 0.0853659 2.63452
H04746 15 0.00747757 5 0.0609756 8.15447
H04747 15 0.00747757 5 0.0609756 8.15447
H04835 15 0.00747757 9 0.109756 14.678
H04899 33 0.0164506 6 0.0731707 4.4479
H04979 22 0.0109671 5 0.0609756 5.55987
H05036 33 0.0164506 6 0.0731707 4.4479
H05071 10 0.00498504 5 0.0609756 12.2317
H05081 26 0.0129611 7 0.0853659 6.58632
H05121 113 0.056331 13 0.158537 2.81438
H05174 13 0.00648056 5 0.0609756 9.409
H05230 37 0.0184447 6 0.0731707 3.96703
H05299 9 0.00448654 5 0.0609756 13.5908
H05320 12 0.00598205 5 0.0609756 10.1931
H05321 12 0.00598205 5 0.0609756 10.1931
H05324 38 0.0189432 6 0.0731707 3.86264
H05325 41 0.0204387 8 0.097561 4.77335
H05335 105 0.052343 9 0.109756 2.09686
H05386 12 0.00598205 5 0.0609756 10.1931
H05390 9 0.00448654 5 0.0609756 13.5908
H05566 29 0.0144566 5 0.0609756 4.21784
H05660 55 0.0274177 7 0.0853659 3.11353
H05915 20 0.00997009 7 0.0853659 8.5622
H05933 131 0.0653041 12 0.146341 2.24092
H05936 89 0.0443669 10 0.121951 2.74869
H05937 125 0.0623131 15 0.182927 2.93561
H05938 94 0.0468594 8 0.097561 2.08199
H05941 104 0.0518445 9 0.109756 2.11702
H05942 46 0.0229312 5 0.0609756 2.65907
H06022 33 0.0164506 5 0.0609756 3.70659
H06057 53 0.0264207 5 0.0609756 2.30787
H06084 22 0.0109671 7 0.0853659 7.78382
H06085 22 0.0109671 7 0.0853659 7.78382
H06146 47 0.0234297 8 0.097561 4.16399
H06149 101 0.050349 10 0.121951 2.42211
H06155 39 0.0194417 6 0.0731707 3.7636
H06264 13 0.00648056 5 0.0609756 9.409
H06265 14 0.00697906 5 0.0609756 8.73694
H06273 11 0.00548355 5 0.0609756 11.1197
H06317 42 0.0209372 6 0.0731707 3.49477
H06318 42 0.0209372 6 0.0731707 3.49477
H06319 33 0.0164506 6 0.0731707 4.4479
H06476 45 0.0224327 11 0.134146 5.97993
H06477 48 0.0239282 11 0.134146 5.60619
H06478 54 0.0269192 11 0.134146 4.98328
H06546 9 0.00448654 5 0.0609756 13.5908
H06547 12 0.00598205 5 0.0609756 10.1931
H06548 12 0.00598205 5 0.0609756 10.1931
H06549 12 0.00598205 5 0.0609756 10.1931
H06550 12 0.00598205 5 0.0609756 10.1931
H06551 10 0.00498504 5 0.0609756 12.2317
H06552 12 0.00598205 5 0.0609756 10.1931
H06553 11 0.00548355 5 0.0609756 11.1197
H06560 116 0.0578265 12 0.146341 2.53069
H06629 25 0.0124626 5 0.0609756 4.89269
H06649 38 0.0189432 6 0.0731707 3.86264
H06655 11 0.00548355 5 0.0609756 11.1197
H06662 12 0.00598205 5 0.0609756 10.1931
H06732 36 0.0179462 7 0.0853659 4.75677
H06765 13 0.00648056 5 0.0609756 9.409
H06766 13 0.00648056 5 0.0609756 9.409
H06849 18 0.00897308 5 0.0609756 6.79539
H06850 18 0.00897308 5 0.0609756 6.79539
H06851 17 0.00847458 5 0.0609756 7.19512
H06889 119 0.059322 11 0.134146 2.26132
H06904 16 0.00797607 5 0.0609756 7.64482
H06918 22 0.0109671 5 0.0609756 5.55987
H06941 56 0.0279163 5 0.0609756 2.18423
H07163 10 0.00498504 5 0.0609756 12.2317
H07164 9 0.00448654 5 0.0609756 13.5908
H07200 15 0.00747757 5 0.0609756 8.15447
H07202 15 0.00747757 5 0.0609756 8.15447
H07203 29 0.0144566 12 0.146341 10.1228
H07233 61 0.0304088 5 0.0609756 2.0052
H07234 14 0.00697906 5 0.0609756 8.73694
H07236 27 0.0134596 10 0.121951 9.06052
H07243 47 0.0234297 10 0.121951 5.20497
H07255 28 0.0139581 5 0.0609756 4.36847
H07258 28 0.0139581 5 0.0609756 4.36847
H07261 26 0.0129611 5 0.0609756 4.70451
H07295 33 0.0164506 6 0.0731707 4.4479
H07302 90 0.0448654 8 0.097561 2.17453
H07355 37 0.0184447 7 0.0853659 4.62821
H07365 12 0.00598205 5 0.0609756 10.1931
H07520 120 0.0598205 10 0.121951 2.03862
H07524 40 0.0199402 10 0.121951 6.11584
H07525 25 0.0124626 6 0.0731707 5.87122
H07526 25 0.0124626 6 0.0731707 5.87122
H07650 42 0.0209372 6 0.0731707 3.49477
H07770 124 0.0618146 12 0.146341 2.36742
H07775 100 0.0498504 11 0.134146 2.69097
H07776 67 0.0333998 10 0.121951 3.65125
H07787 117 0.058325 11 0.134146 2.29997
H07792 59 0.0294118 7 0.0853659 2.90244
H07812 67 0.0333998 6 0.0731707 2.19075
H07813 63 0.0314058 7 0.0853659 2.71816
H07814 67 0.0333998 6 0.0731707 2.19075
H07815 70 0.0348953 6 0.0731707 2.09686
H07816 37 0.0184447 7 0.0853659 4.62821
H07854 106 0.0528415 9 0.109756 2.07708
H07855 52 0.0259222 6 0.0731707 2.8227
H07900 67 0.0333998 8 0.097561 2.92101
H07927 34 0.0169492 5 0.0609756 3.59755
H07932 39 0.0194417 6 0.0731707 3.7636
H08030 25 0.0124626 12 0.146341 11.7424
H08117 85 0.0423729 13 0.158537 3.74147
H08119 44 0.0219342 6 0.0731707 3.33592
H08121 27 0.0134596 5 0.0609756 4.53027
H08124 22 0.0109671 5 0.0609756 5.55987
H08151 31 0.0154536 12 0.146341 9.4697
H08161 84 0.0418744 11 0.134146 3.20353
H08209 28 0.0139581 5 0.0609756 4.36847
H08240 11 0.00548355 5 0.0609756 11.1197
H08257 102 0.0508475 12 0.146341 2.87804
H08258 103 0.051346 12 0.146341 2.8501
H08299 11 0.00548355 5 0.0609756 11.1197
H08323 56 0.0279163 7 0.0853659 3.05792
H08326 56 0.0279163 7 0.0853659 3.05792
H08508 56 0.0279163 5 0.0609756 2.18423
H08509 56 0.0279163 5 0.0609756 2.18423
H08514 7 0.00348953 7 0.0853659 24.4634
H08519 33 0.0164506 5 0.0609756 3.70659
H08532 14 0.00697906 5 0.0609756 8.73694
H08632 21 0.0104686 5 0.0609756 5.82462
H08778 67 0.0333998 8 0.097561 2.92101
H08884 46 0.0229312 5 0.0609756 2.65907
H08903 20 0.00997009 6 0.0731707 7.33902
H08941 94 0.0468594 11 0.134146 2.86273
H08942 94 0.0468594 11 0.134146 2.86273
H08943 94 0.0468594 11 0.134146 2.86273
H08944 94 0.0468594 11 0.134146 2.86273
H08945 94 0.0468594 11 0.134146 2.86273
H08946 94 0.0468594 11 0.134146 2.86273
H08947 95 0.0473579 11 0.134146 2.8326
H09119 59 0.0294118 6 0.0731707 2.4878
H09141 36 0.0179462 6 0.0731707 4.07723
H09177 9 0.00448654 5 0.0609756 13.5908
H09223 41 0.0204387 5 0.0609756 2.98334
H09224 41 0.0204387 5 0.0609756 2.98334
H09236 18 0.00897308 5 0.0609756 6.79539
H09237 18 0.00897308 5 0.0609756 6.79539
H09238 19 0.00947159 5 0.0609756 6.43774
H09248 23 0.0114656 5 0.0609756 5.31813
H09327 16 0.00797607 5 0.0609756 7.64482
H09357 129 0.0643071 12 0.146341 2.27566
H09375 13 0.00648056 5 0.0609756 9.409
H09412 82 0.0408774 7 0.0853659 2.08834
H09624 85 0.0423729 14 0.170732 4.02927
H09650 126 0.0628116 11 0.134146 2.13569
H09651 106 0.0528415 10 0.121951 2.30786
H09654 69 0.0343968 10 0.121951 3.54542
H09656 89 0.0443669 15 0.182927 4.12305
H09658 104 0.0518445 15 0.182927 3.52838
H09659 89 0.0443669 15 0.182927 4.12305
H09660 45 0.0224327 10 0.121951 5.43631
H09661 141 0.0702891 12 0.146341 2.08199
H09663 36 0.0179462 8 0.097561 5.4363
H09718 11 0.00548355 8 0.097561 17.7916
H09914 1 0.000498504 5 0.0609756 122.317
H09937 22 0.0109671 9 0.109756 10.0078
H09938 36 0.0179462 5 0.0609756 3.39769
H10018 22 0.0109671 8 0.097561 8.89579
H10039 48 0.0239282 5 0.0609756 2.54827
H10040 35 0.0174477 5 0.0609756 3.49476
H10053 72 0.0358923 6 0.0731707 2.03862
H10143 21 0.0104686 5 0.0609756 5.82462
H10169 16 0.00797607 6 0.0731707 9.17378
H10170 16 0.00797607 6 0.0731707 9.17378
H10259 16 0.00797607 6 0.0731707 9.17378
H10271 26 0.0129611 6 0.0731707 5.64541
H10302 107 0.05334 12 0.146341 2.74355
H10318 111 0.055334 14 0.170732 3.08548
H10361 46 0.0229312 6 0.0731707 3.19088
H10364 102 0.0508475 11 0.134146 2.6382
H10365 96 0.0478564 11 0.134146 2.80309
H10366 106 0.0528415 11 0.134146 2.53865
H10367 106 0.0528415 11 0.134146 2.53865
H10368 106 0.0528415 11 0.134146 2.53865
H10369 106 0.0528415 11 0.134146 2.53865
H10388 17 0.00847458 5 0.0609756 7.19512
H10389 22 0.0109671 5 0.0609756 5.55987
H10390 20 0.00997009 5 0.0609756 6.11585
H10391 20 0.00997009 5 0.0609756 6.11585
H10500 32 0.0159521 8 0.097561 6.11587
H10511 10 0.00498504 5 0.0609756 12.2317
H10558 42 0.0209372 6 0.0731707 3.49477
H10664 9 0.00448654 5 0.0609756 13.5908
H10670 93 0.0463609 11 0.134146 2.89352
H10692 161 0.0802592 16 0.195122 2.43115
H10694 26 0.0129611 10 0.121951 9.409
H10695 26 0.0129611 10 0.121951 9.409
H10696 23 0.0114656 7 0.0853659 7.44539
H10697 27 0.0134596 5 0.0609756 4.53027
H10799 33 0.0164506 5 0.0609756 3.70659
H10837 131 0.0653041 14 0.170732 2.61441
H10844 50 0.0249252 5 0.0609756 2.44634
H10846 9 0.00448654 5 0.0609756 13.5908
H10847 8 0.00398804 5 0.0609756 15.2896
H10932 183 0.0912263 15 0.182927 2.0052
H10933 115 0.057328 11 0.134146 2.33997
H10934 109 0.054337 10 0.121951 2.24435
H10935 109 0.054337 10 0.121951 2.24435
H10949 40 0.0199402 5 0.0609756 3.05792
H10950 40 0.0199402 5 0.0609756 3.05792
H10951 40 0.0199402 5 0.0609756 3.05792
H10952 40 0.0199402 5 0.0609756 3.05792
H10953 40 0.0199402 5 0.0609756 3.05792
H10954 40 0.0199402 5 0.0609756 3.05792
H10955 40 0.0199402 5 0.0609756 3.05792
H10984 24 0.0119641 6 0.0731707 6.11585
H10985 24 0.0119641 6 0.0731707 6.11585
H11057 59 0.0294118 11 0.134146 4.56096
H11072 34 0.0169492 7 0.0853659 5.03657
H11103 9 0.00448654 5 0.0609756 13.5908
H11113 19 0.00947159 8 0.097561 10.3004
H11153 13 0.00648056 7 0.0853659 13.1726
H11154 19 0.00947159 7 0.0853659 9.01284
H11346 16 0.00797607 5 0.0609756 7.64482
H11458 11 0.00548355 5 0.0609756 11.1197
H11484 121 0.060319 11 0.134146 2.22394
H11485 123 0.0613161 11 0.134146 2.18778
H11517 66 0.0329013 6 0.0731707 2.22395
H11621 23 0.0114656 7 0.0853659 7.44539
H11622 23 0.0114656 7 0.0853659 7.44539
H11631 35 0.0174477 7 0.0853659 4.89267
H11672 15 0.00747757 5 0.0609756 8.15447
H11740 58 0.0289133 6 0.0731707 2.53069
H11741 33 0.0164506 6 0.0731707 4.4479
H11742 37 0.0184447 6 0.0731707 3.96703
H11842 28 0.0139581 5 0.0609756 4.36847
H11923 144 0.0717846 12 0.146341 2.03861
H11942 37 0.0184447 5 0.0609756 3.30586
H11948 16 0.00797607 5 0.0609756 7.64482
H11949 16 0.00797607 5 0.0609756 7.64482
H11978 50 0.0249252 6 0.0731707 2.93561
H11992 139 0.0692921 15 0.182927 2.63994
H12164 15 0.00747757 5 0.0609756 8.15447
H12170 10 0.00498504 5 0.0609756 12.2317
H12171 29 0.0144566 5 0.0609756 4.21784
H12177 101 0.050349 15 0.182927 3.63318
H12190 50 0.0249252 11 0.134146 5.38194
H12191 85 0.0423729 12 0.146341 3.45365
H12207 12 0.00598205 5 0.0609756 10.1931
H12216 121 0.060319 10 0.121951 2.02177
H12217 110 0.0548355 9 0.109756 2.00155
H12219 33 0.0164506 7 0.0853659 5.18923
H12221 104 0.0518445 14 0.170732 3.29316
H12222 77 0.0383848 16 0.195122 5.08331
H12223 119 0.059322 18 0.219512 3.70035
H12226 55 0.0274177 7 0.0853659 3.11353
H12227 147 0.0732802 14 0.170732 2.32985
H12357 52 0.0259222 5 0.0609756 2.35225
H12376 63 0.0314058 6 0.0731707 2.32985
H12377 63 0.0314058 6 0.0731707 2.32985
H12378 67 0.0333998 6 0.0731707 2.19075
H12430 27 0.0134596 5 0.0609756 4.53027
H12503 57 0.0284148 6 0.0731707 2.57509
H12504 57 0.0284148 6 0.0731707 2.57509
H12505 57 0.0284148 6 0.0731707 2.57509
H12506 57 0.0284148 6 0.0731707 2.57509
H12521 78 0.0388833 8 0.097561 2.50907
H12522 88 0.0438684 8 0.097561 2.22395
H12627 15 0.00747757 5 0.0609756 8.15447
H12628 15 0.00747757 5 0.0609756 8.15447
H12629 15 0.00747757 5 0.0609756 8.15447
H12630 15 0.00747757 5 0.0609756 8.15447
H12640 17 0.00847458 5 0.0609756 7.19512
H12728 17 0.00847458 5 0.0609756 7.19512
H12729 20 0.00997009 5 0.0609756 6.11585
H12730 17 0.00847458 5 0.0609756 7.19512
H12733 20 0.00997009 5 0.0609756 6.11585
H12798 23 0.0114656 5 0.0609756 5.31813
H12848 13 0.00648056 5 0.0609756 9.409
H12925 77 0.0383848 9 0.109756 2.85936
H12973 72 0.0358923 6 0.0731707 2.03862
H12995 42 0.0209372 6 0.0731707 3.49477
H12996 42 0.0209372 6 0.0731707 3.49477
H12997 42 0.0209372 6 0.0731707 3.49477
H12998 42 0.0209372 6 0.0731707 3.49477
H12999 42 0.0209372 6 0.0731707 3.49477
H13031 51 0.0254237 5 0.0609756 2.39838
H13032 63 0.0314058 7 0.0853659 2.71816
H13033 63 0.0314058 7 0.0853659 2.71816
H13034 63 0.0314058 7 0.0853659 2.71816
H13046 17 0.00847458 5 0.0609756 7.19512
H13123 10 0.00498504 5 0.0609756 12.2317
H13188 61 0.0304088 6 0.0731707 2.40623
H13280 36 0.0179462 7 0.0853659 4.75677
H13322 15 0.00747757 5 0.0609756 8.15447
H13323 15 0.00747757 5 0.0609756 8.15447
H13326 133 0.0663011 11 0.134146 2.02328
H13555 40 0.0199402 6 0.0731707 3.66951
H13601 27 0.0134596 5 0.0609756 4.53027
H13605 45 0.0224327 8 0.097561 4.34905
H13606 45 0.0224327 8 0.097561 4.34905
H13607 45 0.0224327 8 0.097561 4.34905
H13610 14 0.00697906 5 0.0609756 8.73694
H13629 27 0.0134596 6 0.0731707 5.43632
H13678 28 0.0139581 5 0.0609756 4.36847
H13704 13 0.00648056 5 0.0609756 9.409
H13725 129 0.0643071 11 0.134146 2.08602
H13727 117 0.058325 17 0.207317 3.55451
H13737 22 0.0109671 7 0.0853659 7.78382
H13738 25 0.0124626 7 0.0853659 6.84977
H13739 25 0.0124626 7 0.0853659 6.84977
H13741 20 0.00997009 6 0.0731707 7.33902
H13790 29 0.0144566 7 0.0853659 5.90498
H13816 9 0.00448654 5 0.0609756 13.5908
H13857 90 0.0448654 11 0.134146 2.98997
H13864 34 0.0169492 5 0.0609756 3.59755
H13895 45 0.0224327 5 0.0609756 2.71816
H13907 15 0.00747757 5 0.0609756 8.15447
H13908 15 0.00747757 5 0.0609756 8.15447
H13909 57 0.0284148 5 0.0609756 2.14591
H13911 57 0.0284148 5 0.0609756 2.14591
H13940 123 0.0613161 12 0.146341 2.38667
H13955 15 0.00747757 5 0.0609756 8.15447
H14045 13 0.00648056 5 0.0609756 9.409
H14046 13 0.00648056 5 0.0609756 9.409
H14051 103 0.051346 12 0.146341 2.8501
H14077 62 0.0309073 11 0.134146 4.34027
H14078 120 0.0598205 10 0.121951 2.03862
H14079 67 0.0333998 8 0.097561 2.92101
H14080 130 0.0648056 12 0.146341 2.25815
H14084 69 0.0343968 9 0.109756 3.19088
H14124 15 0.00747757 5 0.0609756 8.15447
H14125 15 0.00747757 5 0.0609756 8.15447
H14126 15 0.00747757 5 0.0609756 8.15447
H14127 86 0.0428714 11 0.134146 3.12903
H14128 85 0.0423729 11 0.134146 3.16584
H14129 115 0.057328 11 0.134146 2.33997
H14202 7 0.00348953 8 0.097561 27.9582
H14203 24 0.0119641 5 0.0609756 5.09655
H14242 108 0.0538385 12 0.146341 2.71815
H14244 101 0.050349 13 0.158537 3.14876
H14245 113 0.056331 15 0.182927 3.24736
H14248 61 0.0304088 7 0.0853659 2.80728
H14250 123 0.0613161 18 0.219512 3.58001
H14251 131 0.0653041 13 0.158537 2.42767
H14252 70 0.0348953 11 0.134146 3.84424
H14253 100 0.0498504 12 0.146341 2.9356
H14255 94 0.0468594 14 0.170732 3.6435
H14277 14 0.00697906 5 0.0609756 8.73694
H14285 33 0.0164506 8 0.097561 5.93054
H14290 131 0.0653041 11 0.134146 2.05417
H14316 66 0.0329013 6 0.0731707 2.22395
H14353 8 0.00398804 5 0.0609756 15.2896
H14425 66 0.0329013 6 0.0731707 2.22395
H14447 62 0.0309073 6 0.0731707 2.36742
H14448 62 0.0309073 6 0.0731707 2.36742
H14462 34 0.0169492 5 0.0609756 3.59755
H14498 34 0.0169492 5 0.0609756 3.59755
H14520 68 0.0338983 6 0.0731707 2.15854
H14521 67 0.0333998 6 0.0731707 2.19075
H14522 67 0.0333998 6 0.0731707 2.19075
H14568 49 0.0244267 6 0.0731707 2.99552
H14586 39 0.0194417 5 0.0609756 3.13633
H14619 19 0.00947159 5 0.0609756 6.43774
H14620 19 0.00947159 5 0.0609756 6.43774
H14678 20 0.00997009 9 0.109756 11.0085
H14679 7 0.00348953 9 0.109756 31.4529
H14816 7 0.00348953 5 0.0609756 17.4739
H14831 14 0.00697906 5 0.0609756 8.73694
H14895 96 0.0478564 9 0.109756 2.29344
H14896 96 0.0478564 9 0.109756 2.29344
H14897 96 0.0478564 9 0.109756 2.29344
H14957 16 0.00797607 5 0.0609756 7.64482
H14958 15 0.00747757 5 0.0609756 8.15447
H15020 33 0.0164506 7 0.0853659 5.18923
H15245 70 0.0348953 6 0.0731707 2.09686
H15354 15 0.00747757 5 0.0609756 8.15447
H15355 117 0.058325 11 0.134146 2.29997
H15356 119 0.059322 11 0.134146 2.26132
H15421 121 0.060319 11 0.134146 2.22394
H15440 34 0.0169492 5 0.0609756 3.59755
H15549 56 0.0279163 6 0.0731707 2.62107
H15583 61 0.0304088 7 0.0853659 2.80728
H15614 100 0.0498504 12 0.146341 2.9356
H15616 67 0.0333998 8 0.097561 2.92101
H15620 75 0.0373878 8 0.097561 2.60943
H15657 9 0.00448654 5 0.0609756 13.5908
H15671 67 0.0333998 7 0.0853659 2.55588
H15672 68 0.0338983 7 0.0853659 2.51829
H15673 83 0.0413759 7 0.0853659 2.06318
H15776 18 0.00897308 5 0.0609756 6.79539
H15777 19 0.00947159 5 0.0609756 6.43774
H15778 20 0.00997009 5 0.0609756 6.11585
H15779 18 0.00897308 5 0.0609756 6.79539
H15780 18 0.00897308 5 0.0609756 6.79539
H15781 20 0.00997009 5 0.0609756 6.11585
H15782 18 0.00897308 5 0.0609756 6.79539
H15783 21 0.0104686 5 0.0609756 5.82462
H15784 21 0.0104686 5 0.0609756 5.82462
H15877 22 0.0109671 6 0.0731707 6.67184
H15998 36 0.0179462 5 0.0609756 3.39769
H16043 50 0.0249252 11 0.134146 5.38194
H16044 32 0.0159521 11 0.134146 8.4093
H16045 50 0.0249252 11 0.134146 5.38194
H16046 85 0.0423729 12 0.146341 3.45365
H16065 28 0.0139581 5 0.0609756 4.36847
H16073 82 0.0408774 11 0.134146 3.28167
H16076 126 0.0628116 11 0.134146 2.13569
H16083 95 0.0473579 11 0.134146 2.8326
H16091 76 0.0378863 12 0.146341 3.86264
H16094 167 0.0832502 15 0.182927 2.19732
H16102 127 0.0633101 13 0.158537 2.50413
H16104 115 0.057328 11 0.134146 2.33997
H16108 97 0.0483549 9 0.109756 2.2698
H16113 80 0.0398804 8 0.097561 2.44634
H16126 56 0.0279163 6 0.0731707 2.62107
H16127 103 0.051346 11 0.134146 2.61259
H16133 74 0.0368893 9 0.109756 2.97528
H16134 45 0.0224327 5 0.0609756 2.71816
H16135 108 0.0538385 10 0.121951 2.26513
H16138 83 0.0413759 12 0.146341 3.53687
H16139 115 0.057328 10 0.121951 2.12725
H16140 143 0.0712861 16 0.195122 2.73717
H16159 17 0.00847458 5 0.0609756 7.19512
H16160 17 0.00847458 5 0.0609756 7.19512
H16161 17 0.00847458 5 0.0609756 7.19512
H16166 20 0.00997009 5 0.0609756 6.11585
H16171 109 0.054337 13 0.158537 2.91766
H16172 157 0.0782652 13 0.158537 2.02564
H16173 117 0.058325 16 0.195122 3.34543
H16214 8 0.00398804 5 0.0609756 15.2896
H16215 8 0.00398804 5 0.0609756 15.2896
H16285 40 0.0199402 5 0.0609756 3.05792
H16296 148 0.0737787 15 0.182927 2.4794
H16297 131 0.0653041 14 0.170732 2.61441
H16327 134 0.0667996 14 0.170732 2.55588
H16328 140 0.0697906 14 0.170732 2.44635
H16513 23 0.0114656 5 0.0609756 5.31813
H16587 82 0.0408774 14 0.170732 4.17668
H16588 82 0.0408774 12 0.146341 3.58
H16589 140 0.0697906 13 0.158537 2.27161
H16590 118 0.0588235 20 0.243902 4.14634
H16591 127 0.0633101 15 0.182927 2.88938
H16592 140 0.0697906 12 0.146341 2.09686
H16604 141 0.0702891 14 0.170732 2.429
H16605 118 0.0588235 10 0.121951 2.07317
H16607 41 0.0204387 6 0.0731707 3.58001
H16609 48 0.0239282 10 0.121951 5.09654
H16611 45 0.0224327 11 0.134146 5.97993
H16612 71 0.0353938 9 0.109756 3.101
H16613 107 0.05334 18 0.219512 4.11534
H16616 29 0.0144566 9 0.109756 7.5921
H16617 137 0.0682951 20 0.243902 3.5713
H16618 148 0.0737787 13 0.158537 2.14882
H16619 112 0.0558325 13 0.158537 2.83951
H16621 72 0.0358923 10 0.121951 3.39769
H16625 100 0.0498504 13 0.158537 3.18026
H16626 95 0.0473579 13 0.158537 3.34764
H16627 79 0.0393819 9 0.109756 2.78697
H16628 105 0.052343 14 0.170732 3.26179
H16631 61 0.0304088 9 0.109756 3.60935
H16634 95 0.0473579 8 0.097561 2.06008
H16636 32 0.0159521 7 0.0853659 5.35139
H16637 70 0.0348953 7 0.0853659 2.44634
H16638 80 0.0398804 12 0.146341 3.6695
H16643 104 0.0518445 15 0.182927 3.52838
H16644 90 0.0448654 12 0.146341 3.26178
H16650 85 0.0423729 12 0.146341 3.45365
H16662 38 0.0189432 5 0.0609756 3.21886
H16663 39 0.0194417 5 0.0609756 3.13633
H16664 39 0.0194417 5 0.0609756 3.13633
H16698 87 0.0433699 8 0.097561 2.24951
H16699 58 0.0289133 10 0.121951 4.21782
H16701 58 0.0289133 7 0.0853659 2.95248
H16702 60 0.0299103 8 0.097561 3.26179
H16703 117 0.058325 12 0.146341 2.50906
H16706 115 0.057328 18 0.219512 3.82905
H16734 34 0.0169492 8 0.097561 5.75608
H16735 92 0.0458624 15 0.182927 3.98861
H16736 51 0.0254237 10 0.121951 4.79674
H16737 68 0.0338983 12 0.146341 4.31706
H16789 48 0.0239282 5 0.0609756 2.54827
H16790 48 0.0239282 5 0.0609756 2.54827
H16791 48 0.0239282 5 0.0609756 2.54827
H16796 35 0.0174477 9 0.109756 6.29057
H16797 35 0.0174477 9 0.109756 6.29057
H16836 28 0.0139581 5 0.0609756 4.36847
H16840 33 0.0164506 6 0.0731707 4.4479
H16883 32 0.0159521 7 0.0853659 5.35139
H16884 41 0.0204387 7 0.0853659 4.17668
H16885 32 0.0159521 7 0.0853659 5.35139
H16891 35 0.0174477 7 0.0853659 4.89267
H16892 32 0.0159521 7 0.0853659 5.35139
H16893 33 0.0164506 7 0.0853659 5.18923
H16894 33 0.0164506 7 0.0853659 5.18923
H16967 10 0.00498504 5 0.0609756 12.2317
H17021 13 0.00648056 5 0.0609756 9.409
H17061 28 0.0139581 5 0.0609756 4.36847
H17156 32 0.0159521 7 0.0853659 5.35139
H17166 144 0.0717846 12 0.146341 2.03861
H17167 144 0.0717846 13 0.158537 2.20851
H17233 38 0.0189432 5 0.0609756 3.21886
H17238 116 0.0578265 10 0.121951 2.10891
H17239 120 0.0598205 10 0.121951 2.03862
H17240 120 0.0598205 10 0.121951 2.03862
H17241 120 0.0598205 10 0.121951 2.03862
H17275 29 0.0144566 5 0.0609756 4.21784
H17276 33 0.0164506 7 0.0853659 5.18923
H17277 35 0.0174477 7 0.0853659 4.89267
H17404 17 0.00847458 5 0.0609756 7.19512
H17405 126 0.0628116 11 0.134146 2.13569
H17410 37 0.0184447 7 0.0853659 4.62821
H17431 123 0.0613161 12 0.146341 2.38667
H17433 66 0.0329013 6 0.0731707 2.22395
H17518 119 0.059322 11 0.134146 2.26132
H17519 119 0.059322 11 0.134146 2.26132
H17520 118 0.0588235 11 0.134146 2.28048
H17521 118 0.0588235 11 0.134146 2.28048
H17522 118 0.0588235 11 0.134146 2.28048
H17553 11 0.00548355 5 0.0609756 11.1197
H17569 43 0.0214357 5 0.0609756 2.84458
H17595 35 0.0174477 5 0.0609756 3.49476
H17596 35 0.0174477 5 0.0609756 3.49476
H17597 34 0.0169492 5 0.0609756 3.59755
H17598 35 0.0174477 5 0.0609756 3.49476
H17636 56 0.0279163 5 0.0609756 2.18423
H17714 70 0.0348953 12 0.146341 4.19372
H17717 139 0.0692921 13 0.158537 2.28795
H17719 114 0.0568295 14 0.170732 3.00428
H17721 84 0.0418744 13 0.158537 3.78601
H17722 77 0.0383848 13 0.158537 4.1302
H17723 76 0.0378863 12 0.146341 3.86264
H17724 126 0.0628116 14 0.170732 2.71816
H17728 111 0.055334 11 0.134146 2.4243
H17729 94 0.0468594 11 0.134146 2.86273
H17730 89 0.0443669 13 0.158537 3.57332
H17731 95 0.0473579 12 0.146341 3.09011
H17734 78 0.0388833 8 0.097561 2.50907
H17736 103 0.051346 13 0.158537 3.08762
H17737 72 0.0358923 9 0.109756 3.05793
H17738 74 0.0368893 9 0.109756 2.97528
H17851 27 0.0134596 6 0.0731707 5.43632
H17852 27 0.0134596 6 0.0731707 5.43632
H18027 42 0.0209372 6 0.0731707 3.49477
H18048 56 0.0279163 9 0.109756 3.93161
H18112 13 0.00648056 5 0.0609756 9.409
H18115 118 0.0588235 10 0.121951 2.07317
H18116 72 0.0358923 9 0.109756 3.05793
H18122 49 0.0244267 5 0.0609756 2.49627
H18126 103 0.051346 9 0.109756 2.13758
H18130 91 0.0453639 9 0.109756 2.41946
H18131 105 0.052343 12 0.146341 2.79581
H18133 100 0.0498504 9 0.109756 2.20171
H18156 47 0.0234297 13 0.158537 6.7665
H18168 14 0.00697906 5 0.0609756 8.73694
H18212 27 0.0134596 5 0.0609756 4.53027
H18364 16 0.00797607 6 0.0731707 9.17378
H18365 16 0.00797607 6 0.0731707 9.17378
H18366 16 0.00797607 5 0.0609756 7.64482
H18367 16 0.00797607 5 0.0609756 7.64482
H18368 16 0.00797607 5 0.0609756 7.64482
H18377 29 0.0144566 6 0.0731707 5.0614
H18404 44 0.0219342 8 0.097561 4.44789
H18405 44 0.0219342 8 0.097561 4.44789
H18420 42 0.0209372 9 0.109756 5.24215
H18451 19 0.00947159 5 0.0609756 6.43774
H18452 19 0.00947159 9 0.109756 11.5879
H18453 18 0.00897308 5 0.0609756 6.79539
H18485 30 0.0149551 6 0.0731707 4.89269
H18536 11 0.00548355 5 0.0609756 11.1197
H18537 9 0.00448654 5 0.0609756 13.5908
H18538 11 0.00548355 5 0.0609756 11.1197
H18585 101 0.050349 10 0.121951 2.42211
H18600 12 0.00598205 5 0.0609756 10.1931
H18601 12 0.00598205 5 0.0609756 10.1931
H18602 11 0.00548355 5 0.0609756 11.1197
H18612 13 0.00648056 5 0.0609756 9.409
H18613 13 0.00648056 5 0.0609756 9.409
H18662 57 0.0284148 8 0.097561 3.43346
H18664 126 0.0628116 11 0.134146 2.13569
H18665 86 0.0428714 15 0.182927 4.26688
H18667 93 0.0463609 14 0.170732 3.68267
H18668 65 0.0324028 7 0.0853659 2.63452
H18670 100 0.0498504 12 0.146341 2.9356
H18671 70 0.0348953 9 0.109756 3.14529
H18672 83 0.0413759 14 0.170732 4.12636
H18673 81 0.0403789 10 0.121951 3.02017
H18674 87 0.0433699 12 0.146341 3.37425
H18675 74 0.0368893 9 0.109756 2.97528
H18704 17 0.00847458 5 0.0609756 7.19512
H18774 40 0.0199402 5 0.0609756 3.05792
H18794 6 0.00299103 5 0.0609756 20.3862
H18795 6 0.00299103 5 0.0609756 20.3862
H18796 8 0.00398804 5 0.0609756 15.2896
H18815 29 0.0144566 6 0.0731707 5.0614
H18835 21 0.0104686 5 0.0609756 5.82462
H18861 15 0.00747757 5 0.0609756 8.15447
H18862 15 0.00747757 5 0.0609756 8.15447
H18876 32 0.0159521 6 0.0731707 4.5869
H18929 52 0.0259222 11 0.134146 5.17495
H18930 35 0.0174477 11 0.134146 7.68846
H19011 22 0.0109671 5 0.0609756 5.55987
H19013 43 0.0214357 6 0.0731707 3.4135
H19065 58 0.0289133 5 0.0609756 2.10891
H19092 35 0.0174477 7 0.0853659 4.89267
H19116 43 0.0214357 8 0.097561 4.55133
H19166 26 0.0129611 6 0.0731707 5.64541
H19234 28 0.0139581 5 0.0609756 4.36847
H19235 28 0.0139581 5 0.0609756 4.36847
H19277 12 0.00598205 5 0.0609756 10.1931
H19369 112 0.0558325 10 0.121951 2.18423
H19547 73 0.0363908 7 0.0853659 2.34581
H19564 15 0.00747757 5 0.0609756 8.15447
H19566 15 0.00747757 5 0.0609756 8.15447
H19712 88 0.0438684 8 0.097561 2.22395
H19713 91 0.0453639 8 0.097561 2.15063
H19714 91 0.0453639 8 0.097561 2.15063
H19748 47 0.0234297 5 0.0609756 2.60249
H19821 125 0.0623131 15 0.182927 2.93561
H19822 122 0.0608175 14 0.170732 2.80728
H19823 130 0.0648056 14 0.170732 2.63453
H19858 10 0.00498504 5 0.0609756 12.2317
H19859 10 0.00498504 5 0.0609756 12.2317
H19868 108 0.0538385 12 0.146341 2.71815
H19869 108 0.0538385 12 0.146341 2.71815
H19954 19 0.00947159 7 0.0853659 9.01284
H19965 64 0.0319043 8 0.097561 3.05793
H19970 141 0.0702891 14 0.170732 2.429
H19971 73 0.0363908 11 0.134146 3.68626
H19973 104 0.0518445 14 0.170732 3.29316
H19976 96 0.0478564 15 0.182927 3.82241
H19979 76 0.0378863 13 0.158537 4.18455
H19980 95 0.0473579 11 0.134146 2.8326
H19981 88 0.0438684 14 0.170732 3.89191
H20011 76 0.0378863 12 0.146341 3.86264
H20025 19 0.00947159 5 0.0609756 6.43774
H20059 90 0.0448654 11 0.134146 2.98997
H20060 40 0.0199402 5 0.0609756 3.05792
H20061 118 0.0588235 18 0.219512 3.73171
H20178 12 0.00598205 5 0.0609756 10.1931
H20300 10 0.00498504 5 0.0609756 12.2317
H20301 10 0.00498504 5 0.0609756 12.2317
H20393 106 0.0528415 12 0.146341 2.76943
H20402 44 0.0219342 7 0.0853659 3.89191
H20475 44 0.0219342 7 0.0853659 3.89191
H20476 45 0.0224327 7 0.0853659 3.80542
H20504 89 0.0443669 14 0.170732 3.84818
H20505 89 0.0443669 14 0.170732 3.84818
H20506 90 0.0448654 14 0.170732 3.80543
H20507 89 0.0443669 14 0.170732 3.84818
H20508 92 0.0458624 13 0.158537 3.4568
H20509 93 0.0463609 12 0.146341 3.15656
H20516 9 0.00448654 5 0.0609756 13.5908
H20546 14 0.00697906 5 0.0609756 8.73694
H20547 14 0.00697906 5 0.0609756 8.73694
H20548 14 0.00697906 5 0.0609756 8.73694
H20707 25 0.0124626 5 0.0609756 4.89269
H20708 21 0.0104686 5 0.0609756 5.82462
H20709 26 0.0129611 5 0.0609756 4.70451
H20837 31 0.0154536 6 0.0731707 4.73486
H20909 50 0.0249252 6 0.0731707 2.93561
H20971 8 0.00398804 8 0.097561 24.4634
H21073 102 0.0508475 11 0.134146 2.6382
H21132 15 0.00747757 5 0.0609756 8.15447
H21133 15 0.00747757 5 0.0609756 8.15447
H21134 16 0.00797607 5 0.0609756 7.64482
H21136 14 0.00697906 5 0.0609756 8.73694
H21232 78 0.0388833 9 0.109756 2.8227
H21244 27 0.0134596 5 0.0609756 4.53027
H21245 27 0.0134596 5 0.0609756 4.53027
H21246 27 0.0134596 5 0.0609756 4.53027
H21387 87 0.0433699 12 0.146341 3.37425
H21423 47 0.0234297 5 0.0609756 2.60249
H21446 27 0.0134596 5 0.0609756 4.53027
H21475 28 0.0139581 5 0.0609756 4.36847
H21633 44 0.0219342 6 0.0731707 3.33592
H21655 70 0.0348953 6 0.0731707 2.09686
H21737 15 0.00747757 5 0.0609756 8.15447
H21738 15 0.00747757 5 0.0609756 8.15447
H21745 39 0.0194417 5 0.0609756 3.13633
H21746 31 0.0154536 5 0.0609756 3.94572
H21754 33 0.0164506 7 0.0853659 5.18923
H21786 73 0.0363908 6 0.0731707 2.01069
H21787 15 0.00747757 5 0.0609756 8.15447
H21788 15 0.00747757 5 0.0609756 8.15447
H21789 15 0.00747757 5 0.0609756 8.15447
H21790 15 0.00747757 5 0.0609756 8.15447
H21813 11 0.00548355 7 0.0853659 15.5676
H21859 14 0.00697906 5 0.0609756 8.73694
H21869 93 0.0463609 9 0.109756 2.36743
H21875 38 0.0189432 6 0.0731707 3.86264
H21880 77 0.0383848 8 0.097561 2.54166
H21914 55 0.0274177 9 0.109756 4.00311
H21937 39 0.0194417 8 0.097561 5.01813
H21952 132 0.0658026 11 0.134146 2.03861
H22089 125 0.0623131 13 0.158537 2.5442
H22279 30 0.0149551 9 0.109756 7.33903
H22292 17 0.00847458 8 0.097561 11.5122
H22293 152 0.0757727 14 0.170732 2.25321
H22311 48 0.0239282 5 0.0609756 2.54827
H22312 53 0.0264207 5 0.0609756 2.30787
H22373 30 0.0149551 5 0.0609756 4.07724
H22374 42 0.0209372 5 0.0609756 2.91231
H22375 32 0.0159521 5 0.0609756 3.82242
H22376 29 0.0144566 5 0.0609756 4.21784
H22377 29 0.0144566 5 0.0609756 4.21784
H22424 38 0.0189432 7 0.0853659 4.50641
H22425 38 0.0189432 7 0.0853659 4.50641
H22428 45 0.0224327 9 0.109756 4.89268
H22452 68 0.0338983 7 0.0853659 2.51829
H22461 9 0.00448654 5 0.0609756 13.5908
H22462 12 0.00598205 5 0.0609756 10.1931
H22523 25 0.0124626 9 0.109756 8.80683
H22682 20 0.00997009 6 0.0731707 7.33902
H22683 31 0.0154536 10 0.121951 7.89143
H22684 31 0.0154536 10 0.121951 7.89143
H22685 31 0.0154536 10 0.121951 7.89143
H22686 20 0.00997009 6 0.0731707 7.33902
H22687 31 0.0154536 10 0.121951 7.89143
H22688 31 0.0154536 10 0.121951 7.89143
H22689 31 0.0154536 10 0.121951 7.89143
H22690 19 0.00947159 7 0.0853659 9.01284
H22701 28 0.0139581 5 0.0609756 4.36847
H22727 46 0.0229312 6 0.0731707 3.19088
H22728 46 0.0229312 6 0.0731707 3.19088
H22729 34 0.0169492 6 0.0731707 4.31706
H22730 31 0.0154536 6 0.0731707 4.73486
H22791 36 0.0179462 9 0.109756 6.11584
H22792 39 0.0194417 9 0.109756 5.64539
H22793 40 0.0199402 9 0.109756 5.50426
H22794 34 0.0169492 9 0.109756 6.47559
H22795 32 0.0159521 7 0.0853659 5.35139
H22857 24 0.0119641 5 0.0609756 5.09655
H22885 33 0.0164506 5 0.0609756 3.70659
H22943 15 0.00747757 5 0.0609756 8.15447
H23044 99 0.0493519 11 0.134146 2.71815
H23127 49 0.0244267 5 0.0609756 2.49627
H23176 7 0.00348953 5 0.0609756 17.4739
H23202 96 0.0478564 13 0.158537 3.31276
H23206 100 0.0498504 13 0.158537 3.18026
H23207 78 0.0388833 10 0.121951 3.13633
H23210 109 0.054337 15 0.182927 3.36653
H23211 83 0.0413759 10 0.121951 2.94739
H23212 111 0.055334 14 0.170732 3.08548
H23222 39 0.0194417 11 0.134146 6.89991
H23223 37 0.0184447 9 0.109756 5.95054
H23224 38 0.0189432 9 0.109756 5.79395
H23225 37 0.0184447 9 0.109756 5.95054
H23278 27 0.0134596 6 0.0731707 5.43632
H23281 8 0.00398804 5 0.0609756 15.2896
H23282 8 0.00398804 5 0.0609756 15.2896
H23283 9 0.00448654 5 0.0609756 13.5908
H23284 12 0.00598205 5 0.0609756 10.1931
H23296 37 0.0184447 5 0.0609756 3.30586
H23344 19 0.00947159 6 0.0731707 7.72528
H23354 54 0.0269192 7 0.0853659 3.17119
H23393 14 0.00697906 5 0.0609756 8.73694
H23419 33 0.0164506 10 0.121951 7.41316
H23420 35 0.0174477 11 0.134146 7.68846
H23421 39 0.0194417 12 0.146341 7.52717
H23422 35 0.0174477 10 0.121951 6.98952
H23494 66 0.0329013 7 0.0853659 2.59461
H23495 71 0.0353938 6 0.0731707 2.06733
H23529 42 0.0209372 10 0.121951 5.82461
H23530 42 0.0209372 10 0.121951 5.82461
H23531 42 0.0209372 10 0.121951 5.82461
H23591 29 0.0144566 5 0.0609756 4.21784
H23618 67 0.0333998 6 0.0731707 2.19075
H23649 13 0.00648056 5 0.0609756 9.409
H23686 7 0.00348953 5 0.0609756 17.4739
H23703 11 0.00548355 5 0.0609756 11.1197
H23876 10 0.00498504 5 0.0609756 12.2317
H23903 17 0.00847458 5 0.0609756 7.19512
H23904 17 0.00847458 5 0.0609756 7.19512
H23947 27 0.0134596 7 0.0853659 6.34238
H24071 26 0.0129611 5 0.0609756 4.70451
H24073 28 0.0139581 5 0.0609756 4.36847
H24146 39 0.0194417 5 0.0609756 3.13633
H24147 54 0.0269192 5 0.0609756 2.26513
H24192 31 0.0154536 5 0.0609756 3.94572
H24194 88 0.0438684 8 0.097561 2.22395
H24229 40 0.0199402 9 0.109756 5.50426
H24269 24 0.0119641 5 0.0609756 5.09655
H24270 20 0.00997009 5 0.0609756 6.11585
H24271 21 0.0104686 5 0.0609756 5.82462
H24360 24 0.0119641 5 0.0609756 5.09655
H24387 73 0.0363908 10 0.121951 3.35115
H24388 71 0.0353938 9 0.109756 3.101
H24405 15 0.00747757 5 0.0609756 8.15447
H24406 16 0.00797607 5 0.0609756 7.64482
H24426 34 0.0169492 7 0.0853659 5.03657
H24427 32 0.0159521 7 0.0853659 5.35139
H24428 32 0.0159521 7 0.0853659 5.35139
H24429 32 0.0159521 7 0.0853659 5.35139
H24430 30 0.0149551 7 0.0853659 5.70815
H24431 13 0.00648056 7 0.0853659 13.1726
H24468 12 0.00598205 5 0.0609756 10.1931
H24469 12 0.00598205 5 0.0609756 10.1931
H24472 12 0.00598205 5 0.0609756 10.1931
H24473 8 0.00398804 5 0.0609756 15.2896
H24681 86 0.0428714 10 0.121951 2.84458
H24683 91 0.0453639 11 0.134146 2.95711
H24771 18 0.00897308 5 0.0609756 6.79539
H24772 18 0.00897308 5 0.0609756 6.79539
H24773 18 0.00897308 5 0.0609756 6.79539
H24774 18 0.00897308 5 0.0609756 6.79539
H24814 42 0.0209372 10 0.121951 5.82461
H24883 26 0.0129611 5 0.0609756 4.70451
H24894 18 0.00897308 7 0.0853659 9.51356
H24987 141 0.0702891 12 0.146341 2.08199
H25006 16 0.00797607 5 0.0609756 7.64482
H25027 60 0.0299103 12 0.146341 4.89266
H25213 55 0.0274177 11 0.134146 4.89268
H25220 132 0.0658026 16 0.195122 2.96526
H25313 74 0.0368893 12 0.146341 3.96703
H25361 23 0.0114656 5 0.0609756 5.31813
H25387 109 0.054337 9 0.109756 2.01991
H25399 56 0.0279163 5 0.0609756 2.18423
H25469 59 0.0294118 15 0.182927 6.21951
H25470 76 0.0378863 14 0.170732 4.50643
H25473 6 0.00299103 5 0.0609756 20.3862
H25484 34 0.0169492 5 0.0609756 3.59755
H25665 62 0.0309073 6 0.0731707 2.36742
H25666 67 0.0333998 6 0.0731707 2.19075
H25683 89 0.0443669 14 0.170732 3.84818
H25684 115 0.057328 12 0.146341 2.5527
H25689 106 0.0528415 14 0.170732 3.23102
H25690 83 0.0413759 12 0.146341 3.53687
H25717 38 0.0189432 7 0.0853659 4.50641
H25719 69 0.0343968 6 0.0731707 2.12725
H25726 71 0.0353938 9 0.109756 3.101
H25739 12 0.00598205 5 0.0609756 10.1931
H25907 18 0.00897308 5 0.0609756 6.79539
H25908 17 0.00847458 5 0.0609756 7.19512
H25909 15 0.00747757 5 0.0609756 8.15447
H25910 13 0.00648056 5 0.0609756 9.409
H25911 17 0.00847458 5 0.0609756 7.19512
H25925 24 0.0119641 12 0.146341 12.2317
H25931 39 0.0194417 5 0.0609756 3.13633
H25932 78 0.0388833 7 0.0853659 2.19544
H25938 99 0.0493519 14 0.170732 3.45948
H25939 86 0.0428714 14 0.170732 3.98242
H25940 88 0.0438684 13 0.158537 3.61392
H25941 105 0.052343 11 0.134146 2.56283
H25942 83 0.0413759 12 0.146341 3.53687
H25966 97 0.0483549 17 0.207317 4.2874
H25968 82 0.0408774 13 0.158537 3.87835
H25972 130 0.0648056 20 0.243902 3.76359
H25993 104 0.0518445 9 0.109756 2.11702
H26114 112 0.0558325 11 0.134146 2.40265
H26258 103 0.051346 11 0.134146 2.61259
H26321 107 0.05334 12 0.146341 2.74355
H26405 10 0.00498504 5 0.0609756 12.2317
H26406 10 0.00498504 5 0.0609756 12.2317
H26479 11 0.00548355 5 0.0609756 11.1197
H26501 11 0.00548355 5 0.0609756 11.1197
H26502 8 0.00398804 5 0.0609756 15.2896
H26517 14 0.00697906 5 0.0609756 8.73694
H26787 132 0.0658026 11 0.134146 2.03861
H26792 89 0.0443669 14 0.170732 3.84818
H26820 55 0.0274177 11 0.134146 4.89268
H26830 15 0.00747757 5 0.0609756 8.15447
H26949 48 0.0239282 5 0.0609756 2.54827
H27023 22 0.0109671 6 0.0731707 6.67184
H27049 107 0.05334 10 0.121951 2.2863
H27050 107 0.05334 10 0.121951 2.2863
H27064 119 0.059322 11 0.134146 2.26132
H27111 88 0.0438684 11 0.134146 3.05792
H27220 45 0.0224327 7 0.0853659 3.80542
H27233 43 0.0214357 9 0.109756 5.12024
H27326 91 0.0453639 14 0.170732 3.76361
H27448 64 0.0319043 6 0.0731707 2.29344
H27483 37 0.0184447 5 0.0609756 3.30586
H27644 14 0.00697906 5 0.0609756 8.73694
H27664 130 0.0648056 11 0.134146 2.06998
H27667 14 0.00697906 5 0.0609756 8.73694
H27717 99 0.0493519 11 0.134146 2.71815
H27885 38 0.0189432 6 0.0731707 3.86264
H27929 72 0.0358923 6 0.0731707 2.03862
H27930 72 0.0358923 6 0.0731707 2.03862
H27931 71 0.0353938 6 0.0731707 2.06733
H27932 72 0.0358923 6 0.0731707 2.03862
H27933 72 0.0358923 6 0.0731707 2.03862
H27934 71 0.0353938 6 0.0731707 2.06733
H27950 9 0.00448654 5 0.0609756 13.5908
H28016 31 0.0154536 5 0.0609756 3.94572
H28050 76 0.0378863 8 0.097561 2.5751
H28105 112 0.0558325 16 0.195122 3.49477
H28164 13 0.00648056 8 0.097561 15.0544
H28235 13 0.00648056 5 0.0609756 9.409
H28261 27 0.0134596 5 0.0609756 4.53027
H28262 27 0.0134596 5 0.0609756 4.53027
H28432 73 0.0363908 6 0.0731707 2.01069
H28433 73 0.0363908 6 0.0731707 2.01069
H28434 73 0.0363908 6 0.0731707 2.01069
H28435 73 0.0363908 6 0.0731707 2.01069
H28436 73 0.0363908 6 0.0731707 2.01069
H28479 35 0.0174477 5 0.0609756 3.49476
H28480 34 0.0169492 5 0.0609756 3.59755
H28481 34 0.0169492 5 0.0609756 3.59755
H28491 14 0.00697906 5 0.0609756 8.73694
H28593 106 0.0528415 10 0.121951 2.30786
H28594 106 0.0528415 10 0.121951 2.30786
H28605 14 0.00697906 5 0.0609756 8.73694
H28688 61 0.0304088 12 0.146341 4.81246
H28765 29 0.0144566 5 0.0609756 4.21784
H28792 26 0.0129611 5 0.0609756 4.70451
H28796 41 0.0204387 5 0.0609756 2.98334
H28814 97 0.0483549 9 0.109756 2.2698
H28929 40 0.0199402 6 0.0731707 3.66951
H28940 15 0.00747757 5 0.0609756 8.15447
H28941 15 0.00747757 5 0.0609756 8.15447
H28942 12 0.00598205 5 0.0609756 10.1931
H28979 28 0.0139581 6 0.0731707 5.24217
H28980 28 0.0139581 6 0.0731707 5.24217
H29034 41 0.0204387 5 0.0609756 2.98334
H29354 107 0.05334 13 0.158537 2.9722
H29359 39 0.0194417 5 0.0609756 3.13633
H29360 27 0.0134596 8 0.097561 7.24843
H29361 110 0.0548355 13 0.158537 2.89114
H29363 65 0.0324028 6 0.0731707 2.25816
H29364 65 0.0324028 6 0.0731707 2.25816
H29365 65 0.0324028 6 0.0731707 2.25816
H29483 13 0.00648056 5 0.0609756 9.409
H29484 13 0.00648056 5 0.0609756 9.409
H29490 125 0.0623131 11 0.134146 2.15277
H29498 52 0.0259222 6 0.0731707 2.8227
H29523 43 0.0214357 5 0.0609756 2.84458
H29524 39 0.0194417 5 0.0609756 3.13633
H29525 35 0.0174477 5 0.0609756 3.49476
H29526 62 0.0309073 6 0.0731707 2.36742
H29527 43 0.0214357 5 0.0609756 2.84458
H29528 24 0.0119641 5 0.0609756 5.09655
H29529 51 0.0254237 5 0.0609756 2.39838
H29530 51 0.0254237 5 0.0609756 2.39838
H29531 43 0.0214357 5 0.0609756 2.84458
H29596 42 0.0209372 8 0.097561 4.6597
H29626 18 0.00897308 9 0.109756 12.2317
H29745 27 0.0134596 5 0.0609756 4.53027
H29884 15 0.00747757 5 0.0609756 8.15447
H29954 38 0.0189432 11 0.134146 7.08149
H29955 38 0.0189432 11 0.134146 7.08149
H30056 32 0.0159521 5 0.0609756 3.82242
H30153 14 0.00697906 5 0.0609756 8.73694
H30264 10 0.00498504 5 0.0609756 12.2317
H30306 14 0.00697906 5 0.0609756 8.73694
H30327 7 0.00348953 5 0.0609756 17.4739
H30328 9 0.00448654 5 0.0609756 13.5908
H30329 9 0.00448654 5 0.0609756 13.5908
H30330 9 0.00448654 5 0.0609756 13.5908
H30461 74 0.0368893 9 0.109756 2.97528
H30476 103 0.051346 9 0.109756 2.13758
H30477 10 0.00498504 5 0.0609756 12.2317
H30478 10 0.00498504 5 0.0609756 12.2317
H30494 13 0.00648056 5 0.0609756 9.409
H30632 34 0.0169492 8 0.097561 5.75608
H30714 27 0.0134596 5 0.0609756 4.53027
H30746 85 0.0423729 13 0.158537 3.74147
H30753 18 0.00897308 5 0.0609756 6.79539
H30754 18 0.00897308 5 0.0609756 6.79539
H30755 17 0.00847458 5 0.0609756 7.19512
H30759 69 0.0343968 7 0.0853659 2.4818
H30760 70 0.0348953 7 0.0853659 2.44634
H30832 30 0.0149551 5 0.0609756 4.07724
H31023 59 0.0294118 5 0.0609756 2.07317
H31180 59 0.0294118 5 0.0609756 2.07317
H31181 59 0.0294118 5 0.0609756 2.07317
H31182 59 0.0294118 5 0.0609756 2.07317
H31183 59 0.0294118 5 0.0609756 2.07317
H31215 54 0.0269192 6 0.0731707 2.71816
H31395 25 0.0124626 9 0.109756 8.80683
H31493 32 0.0159521 7 0.0853659 5.35139
H31562 29 0.0144566 7 0.0853659 5.90498
H31649 25 0.0124626 9 0.109756 8.80683
H31757 26 0.0129611 5 0.0609756 4.70451
H31777 7 0.00348953 8 0.097561 27.9582
H31856 80 0.0398804 14 0.170732 4.2811
H31903 125 0.0623131 12 0.146341 2.34848
H32001 22 0.0109671 5 0.0609756 5.55987
H32003 8 0.00398804 8 0.097561 24.4634
H32074 24 0.0119641 5 0.0609756 5.09655
H32531 6 0.00299103 6 0.0731707 24.4634
H32532 6 0.00299103 6 0.0731707 24.4634
H32533 6 0.00299103 6 0.0731707 24.4634
H32534 6 0.00299103 6 0.0731707 24.4634
H32535 6 0.00299103 6 0.0731707 24.4634
H32536 6 0.00299103 6 0.0731707 24.4634
H32537 42 0.0209372 6 0.0731707 3.49477
H32538 7 0.00348953 6 0.0731707 20.9686
H32589 25 0.0124626 9 0.109756 8.80683
H32707 32 0.0159521 7 0.0853659 5.35139
H32837 59 0.0294118 5 0.0609756 2.07317
H32838 59 0.0294118 5 0.0609756 2.07317
H32848 25 0.0124626 9 0.109756 8.80683
H32968 27 0.0134596 5 0.0609756 4.53027
H32984 7 0.00348953 8 0.097561 27.9582
H33098 103 0.051346 9 0.109756 2.13758
H33197 8 0.00398804 8 0.097561 24.4634
H33200 10 0.00498504 5 0.0609756 12.2317
H33291 27 0.0134596 5 0.0609756 4.53027
H33316 14 0.00697906 5 0.0609756 8.73694
H33360 24 0.0119641 12 0.146341 12.2317
H33528 26 0.0129611 5 0.0609756 4.70451
H33535 59 0.0294118 5 0.0609756 2.07317
H33583 54 0.0269192 11 0.134146 4.98328
