H00050 18 0.00906801 6 0.0582524 6.42395
H00102 32 0.0161209 6 0.0582524 3.61347
H00185 40 0.0201511 8 0.0776699 3.85438
H00303 69 0.0347607 10 0.0970874 2.79302
H00386 123 0.0619647 16 0.15534 2.50691
H00400 21 0.0105793 6 0.0582524 5.50626
H00472 128 0.0644836 17 0.165049 2.55955
H00622 149 0.075063 16 0.15534 2.06946
H00639 27 0.013602 6 0.0582524 4.28263
H00647 40 0.0201511 8 0.0776699 3.85438
H00731 43 0.0216625 6 0.0582524 2.68909
H00854 48 0.0241814 6 0.0582524 2.40898
H00884 104 0.0523929 14 0.135922 2.59428
H00965 90 0.0453401 12 0.116505 2.56958
H00966 90 0.0453401 12 0.116505 2.56958
H01031 35 0.0176322 7 0.0679612 3.85438
H01032 36 0.018136 10 0.0970874 5.3533
H01148 35 0.0176322 6 0.0582524 3.30375
H01253 24 0.0120907 6 0.0582524 4.81795
H01407 169 0.0851385 21 0.203883 2.39472
H01408 55 0.0277078 6 0.0582524 2.10238
H01465 50 0.0251889 6 0.0582524 2.31262
H01492 31 0.0156171 6 0.0582524 3.73004
H01510 66 0.0332494 14 0.135922 4.08795
H01765 44 0.0221662 7 0.0679612 3.06598
H01904 52 0.0261965 6 0.0582524 2.22367
H01905 50 0.0251889 6 0.0582524 2.31262
H02051 118 0.0594458 15 0.145631 2.44981
H02092 41 0.0206549 8 0.0776699 3.76036
H02146 94 0.0473552 11 0.106796 2.25521
H02173 125 0.0629723 14 0.135922 2.15844
H02181 25 0.0125945 6 0.0582524 4.62523
H02255 36 0.018136 9 0.0873786 4.81796
H02256 37 0.0186398 9 0.0873786 4.68774
H02257 37 0.0186398 9 0.0873786 4.68774
H02258 37 0.0186398 9 0.0873786 4.68774
H02259 38 0.0191436 9 0.0873786 4.56438
H02260 34 0.0171285 9 0.0873786 5.10136
H02261 37 0.0186398 9 0.0873786 4.68774
H02262 35 0.0176322 9 0.0873786 4.95563
H02263 37 0.0186398 9 0.0873786 4.68774
H02264 36 0.018136 9 0.0873786 4.81796
H02265 35 0.0176322 9 0.0873786 4.95563
H02266 33 0.0166247 9 0.0873786 5.25595
H02267 36 0.018136 9 0.0873786 4.81796
H02268 33 0.0166247 9 0.0873786 5.25595
H02269 36 0.018136 9 0.0873786 4.81796
H02331 45 0.02267 6 0.0582524 2.56958
H02351 55 0.0277078 6 0.0582524 2.10238
H02422 129 0.0649874 16 0.15534 2.39031
H02481 77 0.0387909 8 0.0776699 2.00227
H02587 161 0.0811083 22 0.213592 2.63342
H02600 70 0.0352645 10 0.0970874 2.75312
H02602 74 0.0372796 11 0.106796 2.86473
H02622 56 0.0282116 7 0.0679612 2.40898
H02623 43 0.0216625 7 0.0679612 3.13727
H02624 77 0.0387909 12 0.116505 3.00341
H02664 34 0.0171285 6 0.0582524 3.4009
H02711 47 0.0236776 6 0.0582524 2.46023
H02712 47 0.0236776 6 0.0582524 2.46023
H02713 30 0.0151134 6 0.0582524 3.85435
H02839 45 0.02267 6 0.0582524 2.56958
H02840 45 0.02267 6 0.0582524 2.56958
H02841 45 0.02267 6 0.0582524 2.56958
H02856 12 0.00604534 6 0.0582524 9.63592
H02859 71 0.0357683 8 0.0776699 2.17147
H03067 134 0.0675063 14 0.135922 2.01347
H03126 105 0.0528967 11 0.106796 2.01895
H03144 113 0.056927 13 0.126214 2.21712
H03150 91 0.0458438 10 0.0970874 2.11779
H03211 24 0.0120907 6 0.0582524 4.81795
H03212 23 0.0115869 6 0.0582524 5.02744
H03244 95 0.0478589 11 0.106796 2.23148
H03247 35 0.0176322 6 0.0582524 3.30375
H03260 46 0.0231738 6 0.0582524 2.51372
H03267 27 0.013602 6 0.0582524 4.28263
H03424 52 0.0261965 6 0.0582524 2.22367
H03451 17 0.00856423 6 0.0582524 6.80183
H03452 18 0.00906801 6 0.0582524 6.42395
H03453 21 0.0105793 6 0.0582524 5.50626
H03454 20 0.0100756 6 0.0582524 5.78153
H03490 84 0.0423174 13 0.126214 2.98256
H03491 85 0.0428212 13 0.126214 2.94747
H03492 84 0.0423174 13 0.126214 2.98256
H03493 85 0.0428212 13 0.126214 2.94747
H03497 106 0.0534005 13 0.126214 2.36354
H03505 45 0.02267 7 0.0679612 2.99785
H03506 45 0.02267 7 0.0679612 2.99785
H03531 7 0.00352645 6 0.0582524 16.5187
H03810 105 0.0528967 17 0.165049 3.12021
H03811 155 0.0780856 19 0.184466 2.36236
H03835 53 0.0267003 6 0.0582524 2.18171
H03893 75 0.0377834 8 0.0776699 2.05566
H03920 89 0.0448363 13 0.126214 2.815
H03939 54 0.027204 6 0.0582524 2.14132
H04066 35 0.0176322 6 0.0582524 3.30375
H04133 25 0.0125945 6 0.0582524 4.62523
H04150 96 0.0483627 14 0.135922 2.81047
H04211 23 0.0115869 7 0.0679612 5.86535
H04393 39 0.0196474 6 0.0582524 2.96489
H04461 38 0.0191436 7 0.0679612 3.55007
H04510 29 0.0146096 6 0.0582524 3.98727
H04511 86 0.0433249 11 0.106796 2.465
H04698 101 0.0508816 11 0.106796 2.09891
H04699 103 0.0518892 11 0.106796 2.05815
H04716 40 0.0201511 8 0.0776699 3.85438
H04784 103 0.0518892 13 0.126214 2.43238
H04787 144 0.0725441 15 0.145631 2.00748
H04843 21 0.0105793 6 0.0582524 5.50626
H04927 114 0.0574307 14 0.135922 2.36671
H04964 28 0.0141058 6 0.0582524 4.12968
H04965 27 0.013602 6 0.0582524 4.28263
H05001 126 0.0634761 16 0.15534 2.44722
H05007 27 0.013602 6 0.0582524 4.28263
H05008 17 0.00856423 6 0.0582524 6.80183
H05050 114 0.0574307 14 0.135922 2.36671
H05133 16 0.00806045 7 0.0679612 8.43144
H05201 66 0.0332494 7 0.0679612 2.04398
H05230 37 0.0186398 6 0.0582524 3.12516
H05324 38 0.0191436 6 0.0582524 3.04292
H05325 43 0.0216625 6 0.0582524 2.68909
H05335 101 0.0508816 13 0.126214 2.48054
H05438 108 0.0544081 13 0.126214 2.31976
H05446 71 0.0357683 9 0.0873786 2.44291
H05495 128 0.0644836 15 0.145631 2.25842
H05496 114 0.0574307 15 0.145631 2.53577
H05498 143 0.0720403 16 0.15534 2.15629
H05499 139 0.0700252 17 0.165049 2.35699
H05500 139 0.0700252 17 0.165049 2.35699
H05510 131 0.065995 14 0.135922 2.05958
H05511 131 0.065995 14 0.135922 2.05958
H05763 21 0.0105793 6 0.0582524 5.50626
H05764 18 0.00906801 6 0.0582524 6.42395
H05765 17 0.00856423 6 0.0582524 6.80183
H05766 18 0.00906801 6 0.0582524 6.42395
H05774 67 0.0337531 7 0.0679612 2.01348
H05775 67 0.0337531 7 0.0679612 2.01348
H05804 15 0.00755668 6 0.0582524 7.70873
H05937 125 0.0629723 15 0.145631 2.31262
H06028 75 0.0377834 8 0.0776699 2.05566
H06055 96 0.0483627 10 0.0970874 2.00749
H06057 52 0.0261965 6 0.0582524 2.22367
H06141 41 0.0206549 7 0.0679612 3.29032
H06146 47 0.0236776 8 0.0776699 3.28031
H06155 39 0.0196474 6 0.0582524 2.96489
H06160 25 0.0125945 8 0.0776699 6.16697
H06246 114 0.0574307 13 0.126214 2.19767
H06247 113 0.056927 13 0.126214 2.21712
H06317 40 0.0201511 8 0.0776699 3.85438
H06318 40 0.0201511 8 0.0776699 3.85438
H06370 170 0.0856423 22 0.213592 2.494
H06371 170 0.0856423 22 0.213592 2.494
H06372 170 0.0856423 22 0.213592 2.494
H06373 170 0.0856423 22 0.213592 2.494
H06374 170 0.0856423 22 0.213592 2.494
H06408 119 0.0599496 16 0.15534 2.59118
H06419 46 0.0231738 6 0.0582524 2.51372
H06420 158 0.079597 19 0.184466 2.3175
H06435 122 0.061461 17 0.165049 2.68543
H06476 47 0.0236776 9 0.0873786 3.69035
H06477 50 0.0251889 9 0.0873786 3.46893
H06478 56 0.0282116 9 0.0873786 3.09726
H06732 37 0.0186398 6 0.0582524 3.12516
H06903 68 0.0342569 9 0.0873786 2.55069
H06918 21 0.0105793 6 0.0582524 5.50626
H06941 55 0.0277078 6 0.0582524 2.10238
H06957 148 0.0745592 16 0.15534 2.08345
H06962 131 0.065995 17 0.165049 2.50093
H07070 131 0.065995 14 0.135922 2.05958
H07233 58 0.0292191 8 0.0776699 2.65819
H07243 48 0.0241814 9 0.0873786 3.61346
H07299 39 0.0196474 7 0.0679612 3.45904
H07524 43 0.0216625 7 0.0679612 3.13727
H07546 149 0.075063 18 0.174757 2.32814
H07603 124 0.0624685 13 0.126214 2.02044
H07650 40 0.0201511 8 0.0776699 3.85438
H07724 42 0.0211587 6 0.0582524 2.75312
H07775 93 0.0468514 18 0.174757 3.73003
H07776 69 0.0347607 8 0.0776699 2.23442
H07805 67 0.0337531 7 0.0679612 2.01348
H07816 38 0.0191436 6 0.0582524 3.04292
H07818 150 0.0755668 18 0.174757 2.31262
H07842 105 0.0528967 16 0.15534 2.93667
H07878 33 0.0166247 6 0.0582524 3.50397
H07900 67 0.0337531 8 0.0776699 2.30112
H08117 86 0.0433249 12 0.116505 2.6891
H08257 100 0.0503778 14 0.135922 2.69805
H08258 101 0.0508816 14 0.135922 2.67134
H08270 80 0.0403023 9 0.0873786 2.16808
H08296 19 0.00957179 6 0.0582524 6.08584
H08297 18 0.00906801 6 0.0582524 6.42395
H08298 18 0.00906801 6 0.0582524 6.42395
H08330 50 0.0251889 6 0.0582524 2.31262
H08344 45 0.02267 6 0.0582524 2.56958
H08345 43 0.0216625 6 0.0582524 2.68909
H08346 55 0.0277078 7 0.0679612 2.45278
H08391 144 0.0725441 20 0.194175 2.67665
H08392 137 0.0690176 15 0.145631 2.11006
H08489 116 0.0584383 13 0.126214 2.15978
H08499 72 0.036272 8 0.0776699 2.14132
H08508 55 0.0277078 6 0.0582524 2.10238
H08509 55 0.0277078 6 0.0582524 2.10238
H08778 67 0.0337531 8 0.0776699 2.30112
H08941 92 0.0463476 13 0.126214 2.7232
H08942 92 0.0463476 13 0.126214 2.7232
H08943 92 0.0463476 13 0.126214 2.7232
H08944 92 0.0463476 13 0.126214 2.7232
H08945 92 0.0463476 13 0.126214 2.7232
H08946 92 0.0463476 13 0.126214 2.7232
H08947 93 0.0468514 13 0.126214 2.69392
H08963 173 0.0871537 21 0.203883 2.33935
H08988 100 0.0503778 13 0.126214 2.50535
H08989 100 0.0503778 13 0.126214 2.50535
H08990 100 0.0503778 13 0.126214 2.50535
H08991 100 0.0503778 13 0.126214 2.50535
H08992 100 0.0503778 13 0.126214 2.50535
H08993 83 0.0418136 15 0.145631 3.48286
H09113 73 0.0367758 8 0.0776699 2.11198
H09117 74 0.0372796 8 0.0776699 2.08344
H09118 74 0.0372796 8 0.0776699 2.08344
H09119 57 0.0287154 8 0.0776699 2.70482
H09141 35 0.0176322 7 0.0679612 3.85438
H09181 25 0.0125945 6 0.0582524 4.62523
H09204 114 0.0574307 13 0.126214 2.19767
H09307 47 0.0236776 6 0.0582524 2.46023
H09345 157 0.0790932 19 0.184466 2.33226
H09647 42 0.0211587 6 0.0582524 2.75312
H09655 156 0.0785894 18 0.174757 2.22367
H09660 49 0.0246851 6 0.0582524 2.35982
H09736 14 0.0070529 6 0.0582524 8.25935
H09852 64 0.0322418 7 0.0679612 2.10786
H09853 64 0.0322418 7 0.0679612 2.10786
H09855 64 0.0322418 7 0.0679612 2.10786
H09857 61 0.0307305 7 0.0679612 2.21152
H09871 65 0.0327456 7 0.0679612 2.07543
H09937 25 0.0125945 6 0.0582524 4.62523
H09938 32 0.0161209 9 0.0873786 5.42021
H10005 107 0.0539043 16 0.15534 2.88177
H10039 47 0.0236776 6 0.0582524 2.46023
H10040 34 0.0171285 6 0.0582524 3.4009
H10136 43 0.0216625 6 0.0582524 2.68909
H10174 23 0.0115869 6 0.0582524 5.02744
H10232 120 0.0604534 15 0.145631 2.40898
H10237 17 0.00856423 6 0.0582524 6.80183
H10301 17 0.00856423 6 0.0582524 6.80183
H10302 106 0.0534005 13 0.126214 2.36354
H10318 111 0.0559194 14 0.135922 2.43068
H10361 45 0.02267 7 0.0679612 2.99785
H10365 95 0.0478589 12 0.116505 2.43434
H10473 98 0.0493703 14 0.135922 2.75311
H10548 22 0.0110831 6 0.0582524 5.25597
H10551 30 0.0151134 6 0.0582524 3.85435
H10558 40 0.0201511 8 0.0776699 3.85438
H10616 98 0.0493703 13 0.126214 2.55648
H10617 102 0.0513854 11 0.106796 2.07833
H10618 113 0.056927 13 0.126214 2.21712
H10619 105 0.0528967 15 0.145631 2.75312
H10622 109 0.0549118 12 0.116505 2.12168
H10670 92 0.0463476 12 0.116505 2.51372
H10692 159 0.0801008 18 0.174757 2.18171
H10744 68 0.0342569 8 0.0776699 2.26728
H10837 130 0.0654912 15 0.145631 2.22367
H10875 130 0.0654912 15 0.145631 2.22367
H10932 176 0.088665 22 0.213592 2.40898
H10933 109 0.0549118 17 0.165049 3.00571
H10934 103 0.0518892 16 0.15534 2.99369
H10935 103 0.0518892 16 0.15534 2.99369
H10970 17 0.00856423 7 0.0679612 7.93547
H11057 60 0.0302267 10 0.0970874 3.21197
H11525 46 0.0231738 6 0.0582524 2.51372
H11679 59 0.0297229 8 0.0776699 2.61313
H11681 67 0.0337531 8 0.0776699 2.30112
H11750 46 0.0231738 7 0.0679612 2.93267
H11757 45 0.02267 6 0.0582524 2.56958
H11876 18 0.00906801 6 0.0582524 6.42395
H12109 83 0.0418136 9 0.0873786 2.08972
H12110 84 0.0423174 9 0.0873786 2.06484
H12111 84 0.0423174 9 0.0873786 2.06484
H12112 84 0.0423174 9 0.0873786 2.06484
H12113 84 0.0423174 9 0.0873786 2.06484
H12114 84 0.0423174 9 0.0873786 2.06484
H12115 84 0.0423174 9 0.0873786 2.06484
H12116 84 0.0423174 9 0.0873786 2.06484
H12172 45 0.02267 10 0.0970874 4.28264
H12190 55 0.0277078 6 0.0582524 2.10238
H12209 114 0.0574307 15 0.145631 2.53577
H12216 118 0.0594458 13 0.126214 2.12318
H12217 105 0.0528967 14 0.135922 2.56957
H12222 84 0.0423174 9 0.0873786 2.06484
H12503 57 0.0287154 6 0.0582524 2.02861
H12504 57 0.0287154 6 0.0582524 2.02861
H12505 57 0.0287154 6 0.0582524 2.02861
H12506 57 0.0287154 6 0.0582524 2.02861
H12531 67 0.0337531 7 0.0679612 2.01348
H12534 70 0.0352645 9 0.0873786 2.47781
H12619 83 0.0418136 11 0.106796 2.5541
H12620 83 0.0418136 11 0.106796 2.5541
H12621 83 0.0418136 11 0.106796 2.5541
H12622 83 0.0418136 11 0.106796 2.5541
H12710 95 0.0478589 16 0.15534 3.24579
H12798 22 0.0110831 6 0.0582524 5.25597
H12824 178 0.0896725 22 0.213592 2.38191
H12925 76 0.0382872 10 0.0970874 2.53577
H12995 40 0.0201511 8 0.0776699 3.85438
H12996 40 0.0201511 8 0.0776699 3.85438
H12997 40 0.0201511 8 0.0776699 3.85438
H12998 40 0.0201511 8 0.0776699 3.85438
H12999 40 0.0201511 8 0.0776699 3.85438
H13112 19 0.00957179 6 0.0582524 6.08584
H13113 17 0.00856423 6 0.0582524 6.80183
H13244 17 0.00856423 6 0.0582524 6.80183
H13280 37 0.0186398 6 0.0582524 3.12516
H13287 12 0.00604534 6 0.0582524 9.63592
H13314 18 0.00906801 6 0.0582524 6.42395
H13555 40 0.0201511 6 0.0582524 2.89078
H13605 46 0.0231738 7 0.0679612 2.93267
H13606 46 0.0231738 7 0.0679612 2.93267
H13607 46 0.0231738 7 0.0679612 2.93267
H13756 58 0.0292191 8 0.0776699 2.65819
H13767 41 0.0206549 7 0.0679612 3.29032
H13857 87 0.0438287 14 0.135922 3.10121
H14051 100 0.0503778 15 0.145631 2.89078
H14078 113 0.056927 17 0.165049 2.89931
H14103 18 0.00906801 7 0.0679612 7.49461
H14243 163 0.0821159 18 0.174757 2.12817
H14253 101 0.0508816 11 0.106796 2.09891
H14262 135 0.0680101 19 0.184466 2.71233
H14285 35 0.0176322 6 0.0582524 3.30375
H14702 27 0.013602 6 0.0582524 4.28263
H14703 30 0.0151134 6 0.0582524 3.85435
H14704 28 0.0141058 6 0.0582524 4.12968
H14705 26 0.0130982 6 0.0582524 4.44736
H14985 182 0.0916877 21 0.203883 2.22367
H15020 34 0.0171285 6 0.0582524 3.4009
H15185 164 0.0826196 19 0.184466 2.23271
H15202 154 0.0775819 18 0.174757 2.25255
H15349 132 0.0664987 15 0.145631 2.18998
H15409 84 0.0423174 9 0.0873786 2.06484
H15410 84 0.0423174 9 0.0873786 2.06484
H15411 84 0.0423174 9 0.0873786 2.06484
H15529 67 0.0337531 7 0.0679612 2.01348
H15550 24 0.0120907 6 0.0582524 4.81795
H15583 61 0.0307305 7 0.0679612 2.21152
H15614 99 0.0498741 13 0.126214 2.53065
H15616 67 0.0337531 8 0.0776699 2.30112
H15620 75 0.0377834 8 0.0776699 2.05566
H15655 23 0.0115869 6 0.0582524 5.02744
H15690 58 0.0292191 8 0.0776699 2.65819
H15718 89 0.0448363 13 0.126214 2.815
H15721 34 0.0171285 6 0.0582524 3.4009
H15749 75 0.0377834 8 0.0776699 2.05566
H15756 155 0.0780856 17 0.165049 2.11369
H15919 13 0.00654912 7 0.0679612 10.3771
H15998 35 0.0176322 6 0.0582524 3.30375
H16000 74 0.0372796 11 0.106796 2.86473
H16001 74 0.0372796 11 0.106796 2.86473
H16002 74 0.0372796 11 0.106796 2.86473
H16007 70 0.0352645 10 0.0970874 2.75312
H16008 70 0.0352645 10 0.0970874 2.75312
H16009 70 0.0352645 10 0.0970874 2.75312
H16010 70 0.0352645 10 0.0970874 2.75312
H16019 24 0.0120907 6 0.0582524 4.81795
H16020 24 0.0120907 6 0.0582524 4.81795
H16021 24 0.0120907 6 0.0582524 4.81795
H16043 51 0.0256927 10 0.0970874 3.77879
H16044 34 0.0171285 9 0.0873786 5.10136
H16045 51 0.0256927 10 0.0970874 3.77879
H16046 86 0.0433249 11 0.106796 2.465
H16047 190 0.0957179 22 0.213592 2.23147
H16066 181 0.0911839 22 0.213592 2.34243
H16072 117 0.0589421 15 0.145631 2.47075
H16103 118 0.0594458 14 0.135922 2.28649
H16104 105 0.0528967 21 0.203883 3.85436
H16136 104 0.0523929 12 0.116505 2.22368
H16145 117 0.0589421 17 0.165049 2.80019
H16157 18 0.00906801 7 0.0679612 7.49461
H16173 120 0.0604534 13 0.126214 2.08779
H16235 39 0.0196474 6 0.0582524 2.96489
H16236 39 0.0196474 6 0.0582524 2.96489
H16285 33 0.0166247 12 0.116505 7.00795
H16294 24 0.0120907 6 0.0582524 4.81795
H16296 147 0.0740554 16 0.15534 2.09762
H16524 86 0.0433249 9 0.0873786 2.01682
H16609 50 0.0251889 8 0.0776699 3.0835
H16617 142 0.0715365 15 0.145631 2.03576
H16641 112 0.0564232 13 0.126214 2.23692
H16647 192 0.0967254 23 0.223301 2.30861
H16649 115 0.0579345 14 0.135922 2.34613
H16654 180 0.0906801 23 0.223301 2.46251
H16656 158 0.079597 23 0.223301 2.80539
H16699 57 0.0287154 11 0.106796 3.71912
H16700 170 0.0856423 20 0.194175 2.26728
H16779 135 0.0680101 19 0.184466 2.71233
H16789 47 0.0236776 6 0.0582524 2.46023
H16790 47 0.0236776 6 0.0582524 2.46023
H16791 47 0.0236776 6 0.0582524 2.46023
H16796 37 0.0186398 7 0.0679612 3.64603
H16797 37 0.0186398 7 0.0679612 3.64603
H16871 40 0.0201511 6 0.0582524 2.89078
H16872 40 0.0201511 6 0.0582524 2.89078
H16883 33 0.0166247 6 0.0582524 3.50397
H16884 42 0.0211587 6 0.0582524 2.75312
H16885 33 0.0166247 6 0.0582524 3.50397
H16891 36 0.018136 6 0.0582524 3.21198
H16892 33 0.0166247 6 0.0582524 3.50397
H16893 34 0.0171285 6 0.0582524 3.4009
H16894 34 0.0171285 6 0.0582524 3.4009
H17076 41 0.0206549 6 0.0582524 2.82027
H17077 43 0.0216625 8 0.0776699 3.58545
H17233 34 0.0171285 9 0.0873786 5.10136
H17393 136 0.0685139 17 0.165049 2.40899
H17405 124 0.0624685 13 0.126214 2.02044
H17431 115 0.0579345 20 0.194175 3.35163
H17595 34 0.0171285 6 0.0582524 3.4009
H17596 34 0.0171285 6 0.0582524 3.4009
H17597 33 0.0166247 6 0.0582524 3.50397
H17598 34 0.0171285 6 0.0582524 3.4009
H17636 53 0.0267003 8 0.0776699 2.90895
H17725 23 0.0115869 7 0.0679612 5.86535
H17726 20 0.0100756 7 0.0679612 6.74513
H17931 20 0.0100756 6 0.0582524 5.78153
H18027 40 0.0201511 8 0.0776699 3.85438
H18048 57 0.0287154 8 0.0776699 2.70482
H18116 72 0.036272 9 0.0873786 2.40898
H18122 48 0.0241814 6 0.0582524 2.40898
H18125 109 0.0549118 13 0.126214 2.29849
H18150 128 0.0644836 16 0.15534 2.40898
H18156 51 0.0256927 9 0.0873786 3.40091
H18320 59 0.0297229 8 0.0776699 2.61313
H18404 41 0.0206549 11 0.106796 5.17049
H18405 41 0.0206549 11 0.106796 5.17049
H18645 126 0.0634761 15 0.145631 2.29427
H18663 168 0.0846348 20 0.194175 2.29427
H18675 75 0.0377834 8 0.0776699 2.05566
H18912 24 0.0120907 6 0.0582524 4.81795
H18929 52 0.0261965 11 0.106796 4.07673
H18930 37 0.0186398 9 0.0873786 4.68774
H19013 40 0.0201511 9 0.0873786 4.33617
H19065 56 0.0282116 7 0.0679612 2.40898
H19083 23 0.0115869 6 0.0582524 5.02744
H19116 42 0.0211587 9 0.0873786 4.12968
H19208 19 0.00957179 6 0.0582524 6.08584
H19528 18 0.00906801 6 0.0582524 6.42395
H19568 64 0.0322418 7 0.0679612 2.10786
H19581 43 0.0216625 6 0.0582524 2.68909
H19586 93 0.0468514 13 0.126214 2.69392
H19587 84 0.0423174 13 0.126214 2.98256
H19748 46 0.0231738 6 0.0582524 2.51372
H20061 122 0.061461 14 0.135922 2.21152
H20198 17 0.00856423 6 0.0582524 6.80183
H20199 17 0.00856423 6 0.0582524 6.80183
H20402 45 0.02267 6 0.0582524 2.56958
H20475 45 0.02267 6 0.0582524 2.56958
H20476 46 0.0231738 6 0.0582524 2.51372
H20504 90 0.0453401 13 0.126214 2.78372
H20505 90 0.0453401 13 0.126214 2.78372
H20506 91 0.0458438 13 0.126214 2.75313
H20507 90 0.0453401 13 0.126214 2.78372
H20508 92 0.0463476 13 0.126214 2.7232
H20509 91 0.0458438 14 0.135922 2.96489
H20546 13 0.00654912 6 0.0582524 8.89469
H20547 13 0.00654912 6 0.0582524 8.89469
H20548 13 0.00654912 6 0.0582524 8.89469
H20554 33 0.0166247 6 0.0582524 3.50397
H20559 49 0.0246851 6 0.0582524 2.35982
H20645 131 0.065995 14 0.135922 2.05958
H20772 101 0.0508816 13 0.126214 2.48054
H20837 31 0.0156171 6 0.0582524 3.73004
H21228 25 0.0125945 6 0.0582524 4.62523
H21229 25 0.0125945 6 0.0582524 4.62523
H21387 86 0.0433249 13 0.126214 2.9132
H21423 44 0.0221662 8 0.0776699 3.50398
H21633 42 0.0211587 8 0.0776699 3.67083
H21725 67 0.0337531 8 0.0776699 2.30112
H21754 34 0.0171285 6 0.0582524 3.4009
H21875 38 0.0191436 6 0.0582524 3.04292
H21914 55 0.0277078 9 0.0873786 3.15357
H21937 40 0.0201511 7 0.0679612 3.37258
H22066 122 0.061461 14 0.135922 2.21152
H22089 122 0.061461 16 0.15534 2.52746
H22452 67 0.0337531 8 0.0776699 2.30112
H22791 39 0.0196474 6 0.0582524 2.96489
H22792 42 0.0211587 6 0.0582524 2.75312
H22793 43 0.0216625 6 0.0582524 2.68909
H22794 37 0.0186398 6 0.0582524 3.12516
H22795 33 0.0166247 6 0.0582524 3.50397
H23044 99 0.0498741 11 0.106796 2.14131
H23124 182 0.0916877 23 0.223301 2.43545
H23222 42 0.0211587 8 0.0776699 3.67083
H23223 38 0.0191436 8 0.0776699 4.05723
H23224 39 0.0196474 8 0.0776699 3.95319
H23225 38 0.0191436 8 0.0776699 4.05723
H23344 18 0.00906801 7 0.0679612 7.49461
H23419 37 0.0186398 6 0.0582524 3.12516
H23420 40 0.0201511 6 0.0582524 2.89078
H23421 44 0.0221662 7 0.0679612 3.06598
H23422 39 0.0196474 6 0.0582524 2.96489
H23529 45 0.02267 7 0.0679612 2.99785
H23530 45 0.02267 7 0.0679612 2.99785
H23531 45 0.02267 7 0.0679612 2.99785
H23541 109 0.0549118 12 0.116505 2.12168
H23664 8 0.00403023 6 0.0582524 14.4539
H23934 45 0.02267 7 0.0679612 2.99785
H24191 145 0.0730479 19 0.184466 2.52527
H24229 43 0.0216625 6 0.0582524 2.68909
H24461 63 0.031738 7 0.0679612 2.14132
H24462 63 0.031738 7 0.0679612 2.14132
H24463 63 0.031738 7 0.0679612 2.14132
H24597 51 0.0256927 6 0.0582524 2.26727
H24599 36 0.018136 6 0.0582524 3.21198
H24677 161 0.0811083 17 0.165049 2.03492
H24683 91 0.0458438 11 0.106796 2.32956
H24814 46 0.0231738 6 0.0582524 2.51372
H24986 116 0.0584383 15 0.145631 2.49205
H25027 63 0.031738 9 0.0873786 2.75312
H25213 56 0.0282116 10 0.0970874 3.4414
H25220 132 0.0664987 16 0.15534 2.33599
H25290 169 0.0851385 20 0.194175 2.2807
H25352 182 0.0916877 21 0.203883 2.22367
H25469 65 0.0327456 9 0.0873786 2.66841
H25470 81 0.040806 9 0.0873786 2.14132
H25685 154 0.0775819 16 0.15534 2.00227
H25691 126 0.0634761 14 0.135922 2.14131
H25717 39 0.0196474 6 0.0582524 2.96489
H25720 108 0.0544081 14 0.135922 2.49819
H25916 142 0.0715365 16 0.15534 2.17148
H25941 104 0.0523929 12 0.116505 2.22368
H25966 101 0.0508816 13 0.126214 2.48054
H26043 91 0.0458438 12 0.116505 2.54135
H26321 106 0.0534005 13 0.126214 2.36354
H26398 14 0.0070529 7 0.0679612 9.63592
H26716 133 0.0670025 18 0.174757 2.60822
H26720 123 0.0619647 16 0.15534 2.50691
H26792 90 0.0453401 13 0.126214 2.78372
H26820 57 0.0287154 9 0.0873786 3.04292
H26949 47 0.0236776 6 0.0582524 2.46023
H27049 105 0.0528967 12 0.116505 2.2025
H27050 105 0.0528967 12 0.116505 2.2025
H27051 92 0.0463476 10 0.0970874 2.09477
H27114 39 0.0196474 6 0.0582524 2.96489
H27220 46 0.0231738 6 0.0582524 2.51372
H27226 70 0.0352645 10 0.0970874 2.75312
H27227 70 0.0352645 10 0.0970874 2.75312
H27233 45 0.02267 7 0.0679612 2.99785
H27548 77 0.0387909 10 0.0970874 2.50284
H27566 155 0.0780856 18 0.174757 2.23802
H27717 99 0.0498741 11 0.106796 2.14131
H27958 20 0.0100756 6 0.0582524 5.78153
H27959 17 0.00856423 6 0.0582524 6.80183
H27960 17 0.00856423 6 0.0582524 6.80183
H27997 26 0.0130982 6 0.0582524 4.44736
H28050 76 0.0382872 8 0.0776699 2.02861
H28105 112 0.0564232 16 0.15534 2.75312
H28191 63 0.031738 9 0.0873786 2.75312
H28274 175 0.0881612 21 0.203883 2.31262
H28479 34 0.0171285 6 0.0582524 3.4009
H28480 33 0.0166247 6 0.0582524 3.50397
H28481 33 0.0166247 6 0.0582524 3.50397
H28608 14 0.0070529 7 0.0679612 9.63592
H28609 27 0.013602 6 0.0582524 4.28263
H28610 17 0.00856423 6 0.0582524 6.80183
H28637 77 0.0387909 11 0.106796 2.75312
H28688 64 0.0322418 9 0.0873786 2.7101
H28814 92 0.0463476 14 0.135922 2.93267
H28929 40 0.0201511 6 0.0582524 2.89078
H28978 67 0.0337531 7 0.0679612 2.01348
H29061 166 0.0836272 19 0.184466 2.20581
H29354 108 0.0544081 12 0.116505 2.14132
H29485 65 0.0327456 7 0.0679612 2.07543
H29490 122 0.061461 14 0.135922 2.21152
H29523 41 0.0206549 7 0.0679612 3.29032
H29524 37 0.0186398 7 0.0679612 3.64603
H29525 33 0.0166247 7 0.0679612 4.08797
H29527 41 0.0206549 7 0.0679612 3.29032
H29529 47 0.0236776 9 0.0873786 3.69035
H29530 47 0.0236776 9 0.0873786 3.69035
H29531 41 0.0206549 7 0.0679612 3.29032
H29713 66 0.0332494 7 0.0679612 2.04398
H29954 42 0.0211587 7 0.0679612 3.21197
H29955 42 0.0211587 7 0.0679612 3.21197
H30076 123 0.0619647 13 0.126214 2.03687
H30077 108 0.0544081 14 0.135922 2.49819
H30348 94 0.0473552 10 0.0970874 2.0502
H30428 39 0.0196474 6 0.0582524 2.96489
H30461 75 0.0377834 8 0.0776699 2.05566
H30466 112 0.0564232 15 0.145631 2.58105
H30553 174 0.0876574 21 0.203883 2.32591
H30632 34 0.0171285 8 0.0776699 4.53454
H30654 158 0.079597 17 0.165049 2.07356
H30746 87 0.0438287 11 0.106796 2.43667
H30748 27 0.013602 6 0.0582524 4.28263
H30993 64 0.0322418 7 0.0679612 2.10786
H30998 64 0.0322418 7 0.0679612 2.10786
H30999 64 0.0322418 7 0.0679612 2.10786
H31000 64 0.0322418 7 0.0679612 2.10786
H31059 64 0.0322418 7 0.0679612 2.10786
H31060 64 0.0322418 7 0.0679612 2.10786
H31061 64 0.0322418 7 0.0679612 2.10786
H31062 64 0.0322418 7 0.0679612 2.10786
H31067 64 0.0322418 7 0.0679612 2.10786
H31068 64 0.0322418 7 0.0679612 2.10786
H31069 64 0.0322418 7 0.0679612 2.10786
H31092 64 0.0322418 7 0.0679612 2.10786
H31093 64 0.0322418 7 0.0679612 2.10786
H31094 64 0.0322418 7 0.0679612 2.10786
H31095 64 0.0322418 7 0.0679612 2.10786
H31100 64 0.0322418 7 0.0679612 2.10786
H31101 64 0.0322418 7 0.0679612 2.10786
H31102 79 0.0397985 9 0.0873786 2.19552
H31131 64 0.0322418 7 0.0679612 2.10786
H31132 64 0.0322418 7 0.0679612 2.10786
H31133 65 0.0327456 7 0.0679612 2.07543
H31187 64 0.0322418 7 0.0679612 2.10786
H31188 64 0.0322418 7 0.0679612 2.10786
H31189 79 0.0397985 9 0.0873786 2.19552
H31199 64 0.0322418 7 0.0679612 2.10786
H31200 64 0.0322418 7 0.0679612 2.10786
H31201 79 0.0397985 9 0.0873786 2.19552
H31203 64 0.0322418 7 0.0679612 2.10786
H31204 64 0.0322418 7 0.0679612 2.10786
H31205 64 0.0322418 7 0.0679612 2.10786
H31206 61 0.0307305 7 0.0679612 2.21152
H31207 89 0.0448363 10 0.0970874 2.16537
H31208 66 0.0332494 7 0.0679612 2.04398
H31235 55 0.0277078 7 0.0679612 2.45278
H31236 55 0.0277078 7 0.0679612 2.45278
H31237 55 0.0277078 7 0.0679612 2.45278
H31238 55 0.0277078 7 0.0679612 2.45278
H31240 22 0.0110831 6 0.0582524 5.25597
H31241 22 0.0110831 6 0.0582524 5.25597
H31244 41 0.0206549 6 0.0582524 2.82027
H31248 39 0.0196474 6 0.0582524 2.96489
H31249 50 0.0251889 6 0.0582524 2.31262
H31421 12 0.00604534 6 0.0582524 9.63592
H31493 33 0.0166247 6 0.0582524 3.50397
H31633 64 0.0322418 7 0.0679612 2.10786
H31634 64 0.0322418 7 0.0679612 2.10786
H31635 64 0.0322418 7 0.0679612 2.10786
H31636 64 0.0322418 7 0.0679612 2.10786
H31637 64 0.0322418 7 0.0679612 2.10786
H31638 64 0.0322418 7 0.0679612 2.10786
H31752 32 0.0161209 6 0.0582524 3.61347
H31857 112 0.0564232 14 0.135922 2.40897
H32431 64 0.0322418 7 0.0679612 2.10786
H32432 64 0.0322418 7 0.0679612 2.10786
H32433 61 0.0307305 7 0.0679612 2.21152
H32434 64 0.0322418 7 0.0679612 2.10786
H32435 61 0.0307305 7 0.0679612 2.21152
H32442 64 0.0322418 7 0.0679612 2.10786
H32443 64 0.0322418 7 0.0679612 2.10786
H32444 79 0.0397985 9 0.0873786 2.19552
H32614 12 0.00604534 6 0.0582524 9.63592
H32682 18 0.00906801 6 0.0582524 6.42395
H32707 33 0.0166247 6 0.0582524 3.50397
H32811 64 0.0322418 7 0.0679612 2.10786
H32812 66 0.0332494 7 0.0679612 2.04398
H32813 64 0.0322418 7 0.0679612 2.10786
H32814 64 0.0322418 7 0.0679612 2.10786
H32839 64 0.0322418 7 0.0679612 2.10786
H32840 64 0.0322418 7 0.0679612 2.10786
H33542 64 0.0322418 7 0.0679612 2.10786
H33547 51 0.0256927 6 0.0582524 2.26727
H33560 63 0.031738 7 0.0679612 2.14132
H33583 56 0.0282116 9 0.0873786 3.09726
